recent_idx
[0 0 0 0 0 0 0 0 0 0 0 0 0 0 0 0 0 0 0 0 0 0 0 0 0 0 0 0 0 0 0 0]
memvals
[12 21 12 31  1  6  0 28 27  0 25 23 29 25 22 19  8 26  8 14 17  1 21  0
  0 17  3 16  8  0 17 20  2 12 14 15 15 19  8 18  0 29  3  5  7 18 17 24
 28  0  6  0  0 30  7 26 24 26 28 31 10 22 28 10  0 17 15 13  7 30 27  0
 23 11 27 26  0  1 13 31 20  0  0 11 24 23 29  6 25 28 22  0 18 23 31  9
 21 31  2  5  5 30 16  9  0 16  0  6  0 13 15 16 25 11 31  6 23 20 20  0
  0 29 19  6 16 27 11 24 30 21 20  0  8  7  0 19  1 26 28  4 22  0 13  0
 10 24 12 13 14  3  8  7 15 12 14  9  0 18  9  4  3  0 26 18  1  2  7  2
  4  3 19  4 29  9 27 25 11  3  0  0  2  1 16 22  5 30 10 13 21 10  5  0]
hash_vecs6
[[-0.59503484 -0.5676183  -0.16042478  1.1466188  -1.2487009  -0.7518768
   0.13155274 -1.3026402   0.25185975  1.0070454   0.6333414   0.3518586
   1.854366   -1.4192686  -0.09806128 -0.18406254]
 [-0.9967733  -0.25650564 -1.4568589  -0.11394297  0.78382653  0.75154203
   1.5471838  -0.2654451   0.33420143  1.7392888  -0.1027741  -0.10183737
  -1.234474    0.9890964   1.8213984   0.06752321]
 [ 0.1572948  -1.3591485   0.8580935  -0.9496554   0.7951172   1.7826508
  -0.36618605  0.12326223 -0.0984955   1.3485129  -0.17637071 -0.08080627
   1.2164077   0.03303851  0.05550877  0.67868906]]
hash_vecs3
[[-1.2333703   1.480435   -0.20245995 -0.74794036  1.161631    0.76128
   1.3171607  -1.1675377  -0.30950654  0.857479    1.4607455  -0.57123315
  -1.2556267  -0.6231065   0.507716    1.4414439 ]
 [ 0.07298604  0.8344579   1.1035911   0.01023279 -0.50064975  0.9241263
  -1.0340937  -0.1367914   0.39302385  0.9607739  -0.7767693   1.6791627
  -0.9790644   1.0766363   1.0508487  -1.0304033 ]
 [ 0.4031494  -1.5345961   0.9174028  -0.21260847  0.81855154  0.29563528
   1.1827037   0.50829124 -0.5230153  -1.0874304   0.89218795 -1.0388097
  -0.5717617  -0.19762236  0.4698475  -0.16889024]]
hash_slots8
[[105 158  96 147 100 162  60 186  20  29 136 153 146 120]
 [ 97  92  56 129  91 153 158 106  31 181  14   1  95  69]
 [ 39 165 133  89  45 151 163  36 166 190 173  66 114  95]
 [ 94 155  87  92 107 111  64  42  84 126  58  62  68   9]
 [112 176  72  82  96 187  14 105  46  73  31  32 181 107]
 [102 156 171  76 141 102 102 143  57  77 173 102  83 113]
 [172  24  60 173  22  99 101 187 124 163  97  23  79  48]
 [ 27 147  25  16  73  12  97 135  33  69 159   4  78  25]]
hash_slots7
[[138  57  12  57  44  90 155 156  46  84  78  99  44  56]
 [ 50 141 141  95  28   3 174 172  98 181 109  13 191  17]
 [156 102 178 147 102 102 102 154  57 113 131 171 110 129]
 [  1 124 180 157 165  48 132 186   9 187 128 137  85 143]
 [ 24  41  34   4  38  25 140   9  45 142 116  89  92 177]
 [ 88  62 111 155 105  41 121  27 147 183 107  66  88  92]
 [144 145 149 108  98 179 141 158 189  49 117 177 108 109]
 [129 108 106 157  27 134 139  96  71  36 136 156  99 102]]
hash_slots5
[[159 120 106  21  48   4 150  39 147  39 171  57 122 173]
 [ 85  36 100 102  95  42   3 175  64 163 130  66   4 118]
 [ 38 176 118   7 152  71 167 127  27 116  31  59  84 153]
 [102  25 122  17  87 171 113  11 102 102 102 102 120 131]
 [ 86   3   1 115  80  30 177 186 163  51 190  31  57  23]
 [ 87 173  45  13  85  26   7  68 158 186  63 147  50 162]
 [118 101  11  63 185 184 101  21  96  11 143  38 165 161]
 [101  26 136  80  81  91  94  59  33  25 180  92 113 118]]
hash_slots11
[[123 170 184  70  20  86  72 117 144  55  34  43  31  88]
 [ 59  51  68 179 106  26   9 119 142  33  16 101  71  49]
 [134 169 171 135  25  70 120   3 107  54 166 120  40  37]
 [ 87  49  29  53  76  64 149  88  72 117 185 175  66 118]
 [123  67   6  54 155  93 147   3 181 166  96 168 131 159]
 [159 162 136  87   3  16 135  89  95  33 112   9  16   6]
 [102 160 121 102 102 109 112 113 171 102  34 156 135 131]
 [103  83 191  34 181 169 131  31  29  25 144 146  86  11]]
hash_slots10
[[ 68 124  67  27  55 111  81   4 130  18 157  48  86  58]
 [134  62 157  61 173  75  94  93 166 113  14 105 168 168]
 [ 61  14 103  35 129  59  10  91  66   9  44  75 125 149]
 [ 78 177  41   2 123 159  69  79  23 123  64  67  58 162]
 [  5  40  80 147 104 155  32  56  40  67 108  17   6 154]
 [100  65  16 170  67  57 152  30 103 119  97 147 121  38]
 [189  41 178  87  14  66 153 179  67  81 178  45 187 141]
 [137  58 171  57 179 102 115  82 105 131 102 102 113 156]]
hash_slots1
[[118 103 164 136  61  75  71  20  43   0   9  61 157 137]
 [149 132  65  76 156  18 130 180  57   7 112  20  77  89]
 [ 44 116  57 186  76  85 168  65 183  39  70  58 149 111]
 [ 44  82  36  65 179  57 140  70   8 160  89  46  13 189]
 [ 77  84 169 158  34   4  87  93 173  27 126  65 155  52]
 [ 11  52  87  83  43  84 167 137  37   5 136  66 161   1]
 [156 142 171 102 102 102 102 131 102  16 114  27   6 113]
 [ 55 190  72 143 113  13  40  16 167 165  84  98 110 188]]
hash_slots2
[[  8  95 125 105 166  43  84  87 108 171  74  74 122  29]
 [171 102  94 102  57 113  65 156 102 102 131  59 105 156]
 [ 74 168  41  71  34 165  52  35  85  35  99  87 185  83]
 [ 39 153  39  54  96 148  73  79 120  34 140 142 187  28]
 [100 184  84 114   3 190 115 151  43 158  54 156  52 166]
 [128  44  19  29  67  22  29 150 100  36  22  16  41  95]
 [150  73  16 127 181 125 118 138 149  60 130  60  12  97]
 [ 20  55  49  85 188 114  38 142 126   9  68 183 118  88]]
core/core/conv1a_b/Adam_1
[1.6184215e-04 1.7846570e-03 8.8920386e-04 1.4236511e-03 2.6024738e-04
 3.9032668e-05 2.5365124e-03 8.2790757e-05]
hash_vecs11
[[-1.1634705   1.5315409  -0.6289967   0.60270405  0.6484369  -0.2007104
  -0.46085542  0.09059173 -0.3045671  -0.9479447  -0.8905423   1.7854241
  -0.86908984  1.1949731   1.9972262   0.13414101]
 [-0.9098188  -0.05701317  1.044029   -0.2995443   0.69989556 -0.6378193
   0.65608644  0.45999    -0.5913304   0.8494451   1.0879304   0.42054042
  -0.64202887 -0.6399634   0.5176928  -0.5246067 ]
 [-0.24898969  1.268304   -0.7261693   1.7830324   0.71610194 -0.6120613
   0.16736612 -0.41214684 -1.0199494  -0.2977278  -0.15166207 -1.0354632
  -0.7975688   0.16629298  0.2583925   1.5736716 ]]
core/core/conv1_b/Adam
[ 8.5188803e-05 -4.1123749e-05 -7.5906959e-05  3.7875605e-05
  8.9620053e-06  2.5358997e-05  1.3106270e-06 -9.2844813e-05]
hash_vecs9
[[ 0.1332687  -0.00585793 -0.15556999 -0.424826    1.1335295  -0.98660743
  -1.4248933  -0.90424514 -1.201931   -1.7166245   0.19805326  0.6223403
  -0.2582817   0.545688   -1.1775321   0.2752749 ]
 [-1.2340927   1.7545396   0.40134603  0.0527074   0.5469809  -1.399933
  -1.2088168  -0.9687729   0.13605425 -0.137222    1.0494071  -1.6168749
   0.17145328  0.04715688 -0.47856203  0.04723485]
 [ 0.5038013   1.7174425  -0.3995713  -1.4085863  -0.45263633 -0.8733731
   1.2996414   1.6637249   0.04041713 -1.4531429  -0.4272802   1.0355167
   0.04652973  0.0498044   1.5934954   0.77710676]]
hash_slots6
[[120  23  45  15   1   7  92 142   0  55  42  96  67 187]
 [ 97 115  99 183  50 143  12 150 117 138   1 112 109 140]
 [100   8  69 135  17 131 143  54  31 137  87  32  26 160]
 [119 140 187  84  95 186 184   9 178  39 143  25  94 179]
 [112 182  65  66  76 139  75  49  85 145  59  88  92   5]
 [143 121   2  72  68 156 181 187 155  90  88   4 117  32]
 [ 13 159 160 155   6 187 122   2   2 151 169 184 100  33]
 [102 105 141 156 113  77 131 102  99 102 190  57 102  29]]
core/core/fc1_w/Adam_1
[[1.0864145e-06 2.0280262e-05 5.1105849e-07 ... 1.3994570e-06
  1.4595676e-06 2.0732785e-05]
 [2.0295069e-08 7.9165045e-07 9.7211359e-09 ... 2.3659517e-08
  4.7570850e-08 5.8808109e-07]
 [9.9821420e-07 1.6151684e-05 4.7557614e-07 ... 1.2711656e-06
  1.3277185e-06 1.6389842e-05]
 ...
 [1.4982863e-06 3.5265999e-05 6.8702900e-07 ... 1.8646163e-06
  1.9642562e-06 3.1935997e-05]
 [6.9781481e-12 9.6830717e-11 1.8742874e-14 ... 1.9192180e-12
  3.7158166e-14 9.1395381e-13]
 [7.9426320e-07 1.2856031e-05 3.5916852e-07 ... 8.1979010e-07
  1.1411688e-06 1.2457357e-05]]
hash_slots4
[[ 10 104 162 178   2 136 107  82 138  71 129 133 177 139]
 [ 57 113  72 102  60 102  95 115 166 138 102 156 131 171]
 [ 96 184  64 125 123  66  95 146   9 119 119 101  63 162]
 [ 22 125 109  91  72   8  89 107  40  53  91  90  99 176]
 [ 78 145  62  30   1 132  14  23  98 128 103  70  34 186]
 [ 84   4 147 119 128 128   2  97 169 101 101  53 183  40]
 [158  80 172  15 154 147 109  26  76 133  22  62 132  48]
 [ 12   1 177 174 174   0  68  97 141  52  20 131 102  31]]
core/fc1_b
[ 0.00235243 -0.00081786 -0.00285226  0.0011609  -0.0001166  -0.00367689
 -0.00559869  0.00175121 -0.00182936 -0.00201274 -0.00452014  0.00027696
 -0.00043031 -0.00087793 -0.00574739  0.00110763]
core/core/conv1a_b/Adam
[-5.1109357e-05 -4.6131850e-04  2.5591272e-04  9.0618105e-06
 -4.9760823e-05  1.4988843e-06  2.3608960e-04  3.5937703e-06]
core/core/conv1_w/Adam
[[[[ 5.5580393e-05 -7.6307639e-05 -8.3598308e-05  1.8366829e-05
     1.0857110e-06  2.0065207e-05  1.2852556e-05 -8.8346220e-05]]

  [[ 7.1613082e-05 -3.6738682e-05 -4.9174458e-05  2.6144946e-05
     3.2626672e-06  1.4824788e-05  2.0629674e-05 -9.1430702e-05]]

  [[ 8.8123859e-05 -8.9767469e-05 -1.7761047e-05  2.0259036e-05
     5.4551851e-06  2.3389028e-05  4.0133546e-05  2.3955471e-07]]]


 [[[ 7.4866744e-05  2.5822146e-05 -5.3292464e-05  2.5513316e-05
     6.2856719e-07  1.5340582e-05  1.2580721e-05 -8.9425987e-05]]

  [[ 5.6244258e-05  2.4852012e-05 -1.5361213e-05  2.0751904e-05
     9.7829907e-06 -3.7418558e-06  4.7105341e-06 -9.4820251e-05]]

  [[ 7.6078082e-05 -5.5582081e-05 -1.0474055e-05  1.0601585e-05
     1.8345976e-05  7.1242202e-06  1.0315088e-05 -1.0735798e-06]]]


 [[[ 1.0934219e-04 -3.0105488e-05 -1.5265727e-05  4.0397557e-05
     6.3673076e-07  3.3368138e-05  9.6401855e-06 -8.2650949e-05]]

  [[ 6.1499071e-05 -6.9272493e-05  1.8863615e-05  3.1525327e-05
     6.9620146e-06  3.4925743e-05  1.2122269e-05 -8.6674641e-05]]

  [[ 8.2945509e-05 -1.2970704e-04 -4.9573255e-06  1.5457395e-05
     4.1739418e-06  3.1834159e-05  3.8457089e-05  1.4786247e-07]]]]
global_step
2172
core/conv1_w
[[[[-0.03374377  0.09765534  0.05161268  0.00404495 -0.19077423
    -0.10892686 -0.01456723 -0.03559202]]

  [[-0.04463491 -0.0254323   0.00842462 -0.06120975 -0.0694344
     0.00742083 -0.01470989  0.12511407]]

  [[ 0.00723821  0.08245023 -0.01990106 -0.03010899  0.08000252
     0.12493754 -0.04553791 -0.12758219]]]


 [[[ 0.03422372  0.05331299 -0.04392801 -0.02582383 -0.12707041
    -0.09687178  0.18483984 -0.02022815]]

  [[ 0.04314844  0.1908991  -0.01407964  0.01161733 -0.03405929
     0.007926   -0.04958907 -0.0140014 ]]

  [[-0.08076428 -0.04012262  0.05442734 -0.13985622 -0.03176454
    -0.14489399  0.04509579 -0.06749351]]]


 [[[ 0.09790073  0.03735988  0.08244324  0.03713022 -0.1647213
     0.01129819  0.04083767 -0.05756602]]

  [[ 0.09720487 -0.01877624 -0.16120344  0.07104995  0.0604256
     0.03338539 -0.00764054  0.06223014]]

  [[ 0.06387397 -0.07775041  0.06166244  0.02945726  0.12306684
     0.05232883 -0.06415153 -0.00190708]]]]
core/core/conv1_b/Adam_1
[2.1853883e-04 3.0390080e-04 1.9989250e-04 3.5747453e-05 1.6879121e-05
 4.7159247e-05 7.1327901e-05 4.5876524e-05]
core/conv2a_b
[ 1.6007839e-03  7.7670615e-05 -4.5739530e-04 -2.6683165e-03
 -5.2476493e-03 -1.8216417e-03 -2.0604167e-04  2.3336012e-03
 -3.1581405e-03  1.8805305e-03 -2.6872982e-03  3.3023951e-03
 -1.5394931e-03  4.4885119e-03  4.8369928e-03  1.7614941e-03]
core/conv2_w
[[[[ 0.13308057  0.12331085 -0.12750687 ... -0.0637701  -0.08484775
    -0.02972476]
   [-0.10845429  0.01382526  0.09959314 ... -0.10096987 -0.14633524
    -0.01809709]
   [ 0.01743614 -0.14323147  0.00570445 ...  0.04384133 -0.02105926
    -0.04260477]
   ...
   [-0.04657414  0.03434277  0.02520852 ... -0.06570888  0.02371459
     0.03658314]
   [ 0.10373417 -0.01106764  0.02204065 ...  0.07772781 -0.17266129
    -0.12877467]
   [-0.09769095 -0.16949677  0.00810695 ... -0.05014123  0.16987756
    -0.05800346]]

  [[ 0.04776364  0.07809492 -0.10300283 ...  0.00985353 -0.02529323
    -0.04941308]
   [ 0.01274269 -0.11129935  0.01839238 ...  0.01824899  0.03594445
    -0.01440812]
   [-0.0249395   0.02739051 -0.00527503 ...  0.06657156 -0.06791976
    -0.04540135]
   ...
   [ 0.02681344  0.0172476   0.09996999 ...  0.06794544  0.0770064
    -0.14051947]
   [-0.00674584 -0.12210503 -0.01964729 ...  0.13443755 -0.02184587
    -0.00196372]
   [-0.10094681 -0.10895137  0.10322398 ...  0.03852407 -0.04118295
     0.0013753 ]]

  [[ 0.11906967 -0.05739487  0.04397331 ...  0.10977867  0.12200173
     0.02069088]
   [ 0.00622092  0.00763538 -0.00686755 ... -0.0348467   0.0665927
    -0.15651171]
   [-0.09919035  0.17954002 -0.02262479 ... -0.04221771  0.12562975
    -0.12667559]
   ...
   [-0.05002291  0.03501797  0.03289065 ...  0.02231947  0.10134144
     0.06198033]
   [ 0.01685985 -0.01246337 -0.06550653 ... -0.12972023 -0.1269061
    -0.00084952]
   [-0.0352621  -0.06489708  0.12670451 ... -0.10480444 -0.02837581
     0.06705236]]]


 [[[ 0.05161599  0.09673006  0.09898321 ...  0.0382166   0.08691691
    -0.04898201]
   [-0.03152968 -0.06690323 -0.15240131 ... -0.01989256  0.10327157
    -0.01121833]
   [-0.04399808 -0.09343717 -0.10137283 ...  0.00663407  0.1446698
     0.04186254]
   ...
   [ 0.03603095 -0.00310074 -0.12504996 ... -0.06840399  0.12176849
    -0.10648984]
   [ 0.16426983  0.12202165  0.02041969 ... -0.01268072 -0.0415322
    -0.00787853]
   [-0.03408289 -0.04216304  0.10456878 ...  0.10447496 -0.01511056
    -0.055624  ]]

  [[-0.17916653  0.00207528 -0.0808562  ...  0.00917194 -0.02413206
     0.07405121]
   [-0.15282351 -0.00375659  0.03507912 ...  0.03267839  0.11706322
    -0.10901922]
   [ 0.11726733  0.00786939  0.04872714 ... -0.17357206 -0.00975596
    -0.07015329]
   ...
   [ 0.04303697 -0.04778046  0.0115429  ... -0.00783651  0.02682083
    -0.1858951 ]
   [-0.12755634 -0.02929449  0.04246439 ...  0.00536069 -0.07942761
     0.04801379]
   [ 0.12702642  0.0380531   0.15808485 ... -0.08567965 -0.05542343
     0.02875772]]

  [[-0.11195846  0.05673643  0.06460453 ... -0.03135758  0.1022534
    -0.17275198]
   [ 0.08624995  0.04619901  0.1400079  ... -0.05604509  0.0161749
    -0.1172713 ]
   [ 0.0747373   0.03439606 -0.00153804 ...  0.08392097 -0.10960695
     0.09060133]
   ...
   [-0.06055267 -0.04004046 -0.12553436 ...  0.01406483 -0.05535878
    -0.00323081]
   [-0.06193544 -0.05879011 -0.04476735 ... -0.10673976 -0.08073081
     0.04826077]
   [ 0.05149731 -0.09624466  0.01740606 ...  0.17469609 -0.07846148
     0.03847018]]]


 [[[ 0.04213135 -0.04742935  0.10143637 ...  0.00462218 -0.02201012
     0.14889687]
   [-0.02520518 -0.16290407 -0.04285713 ...  0.03063431 -0.02991293
    -0.05978349]
   [-0.0059242  -0.10141657  0.04777443 ...  0.16157253 -0.16220304
     0.08551341]
   ...
   [ 0.02178608  0.06587864  0.00908765 ... -0.09057254 -0.00562337
     0.04246441]
   [-0.07033002 -0.12143682 -0.07857704 ...  0.01356893 -0.02444842
     0.075631  ]
   [ 0.09129439 -0.0054123  -0.1555452  ...  0.10210522  0.1981017
     0.00283098]]

  [[-0.03184511 -0.12798618  0.06501362 ...  0.07290679 -0.01624406
     0.06539311]
   [-0.1333669   0.08852396 -0.19233724 ...  0.0432498  -0.02180871
    -0.06328534]
   [-0.00727065 -0.01449791  0.10505879 ...  0.0249651  -0.06642432
     0.19524394]
   ...
   [-0.13958524 -0.14105676  0.08484512 ...  0.12356592  0.07081154
    -0.04387947]
   [-0.14343429  0.03723704  0.02587808 ...  0.10805387 -0.08750415
     0.14853714]
   [ 0.07186779  0.14486852  0.03734173 ... -0.01907543  0.05533451
    -0.09070264]]

  [[-0.09904803 -0.0541863   0.05676327 ... -0.16388373  0.14445657
    -0.19410999]
   [-0.10846652 -0.13905004  0.08837658 ... -0.07879754  0.07659684
    -0.00655913]
   [ 0.0248594   0.149294   -0.0594844  ...  0.19492936 -0.10998333
    -0.09251349]
   ...
   [-0.0739584   0.0070027   0.07807329 ... -0.10034635 -0.14738938
     0.07539239]
   [ 0.02555566 -0.03955691 -0.02244646 ...  0.03329432  0.07936944
    -0.08287704]
   [-0.05312329  0.09043153  0.0995177  ... -0.04330299  0.01809138
     0.00386895]]]]
hash_vecs10
[[ 0.50887966  0.33010805  1.6518561  -0.23196843 -0.39055824 -1.3775048
  -0.6665865   0.79330283  1.451117    1.3060288   0.30891937  1.3356117
  -0.21862908  1.6333983  -0.3897209   1.1379913 ]
 [-1.154332    1.0618143  -1.8384968  -1.1317847   0.38621274  0.8825243
   0.30151862  0.24148507 -0.4707276  -0.08130931  0.6160674  -0.57832956
   0.7675468  -1.3847936  -0.10480948  0.16329123]
 [-0.31341994  0.3171967   0.11240166  1.5650417  -0.5495362   0.19229731
   0.04895071  1.6664048   0.05727348  0.17344739 -1.1764798  -1.0026699
   1.3507972   0.17341301 -0.47722954  0.66947424]]
hash_slots3
[[143  29 167 177  63 161 139  91  90  61  84 122 171  46]
 [ 28 185 169  47  74  93 145  23  15 150 135 109 117 154]
 [ 59  80  31  97  86  28  65 121 117 159 179  63 110 184]
 [125 109  36 145 146   9  69  90  46 104  26  29 128  12]
 [ 23  94  40  36 137  41 121 173  68  76 100 129  98 119]
 [169  57 156 171 102 102 102  31 113 131 144   5 102  33]
 [141  64  34  37 142 146 119 100  40  38 146 156 120  34]
 [175  56 153 109  23 109  70 184 158 133  22  14 137 136]]
core/conv2_b
[-0.00058396  0.00471508 -0.00303193  0.0055194   0.00104944  0.0026618
  0.00414866 -0.00033697 -0.00132521 -0.00092969 -0.00159277  0.00076334
  0.00335157  0.00254399 -0.00464984 -0.00235431]
hash_vecs2
[[-0.3912523   0.10663021  0.28771695 -0.02487962  1.9866811   0.22839944
   1.0108318   0.551075    0.04566149  1.0305548  -0.90002775  0.9322413
  -1.250935   -0.2036727  -0.4977457  -1.5397307 ]
 [ 1.2986002   1.5940032   0.24880818  1.1968786   0.7628285   1.1014893
  -0.2606281  -0.25972918 -1.324135    1.0203601   0.37472335  1.1170105
   0.1507307   0.14804694  0.56546605  1.1693127 ]
 [-0.1989123   1.1691178   0.244372    0.10385295  1.3938258  -1.3164921
   0.8591524  -0.3207754  -0.35063446 -0.6499746  -1.1404611   0.0587294
  -0.00449718 -0.9416904  -0.38583732 -1.5057118 ]]
core/core/conv1_w/Adam_1
[[[[2.0416775e-04 1.5402524e-04 1.8172317e-04 2.6489683e-05
    2.9977602e-07 1.3081268e-05 6.5825283e-05 4.4610366e-05]]

  [[1.9129153e-04 1.6521444e-04 1.5246292e-04 2.1225524e-05
    1.1113687e-05 3.6752794e-05 7.8597295e-05 4.4695666e-05]]

  [[1.6670935e-04 2.9063917e-04 1.7227905e-04 5.2540831e-06
    1.2538015e-05 4.0165403e-05 6.8001791e-05 1.1307051e-06]]]


 [[[1.9299694e-04 2.0264220e-04 1.6384246e-04 2.4178606e-05
    5.3588087e-07 7.9173024e-06 5.4181677e-05 4.2412637e-05]]

  [[1.8268399e-04 1.8267805e-04 1.4194891e-04 2.4058048e-05
    1.3135749e-05 2.5926322e-05 5.8787213e-05 4.3976033e-05]]

  [[1.6360750e-04 2.8278743e-04 1.6025746e-04 1.9857027e-06
    1.5252166e-05 2.9120180e-05 8.3777973e-05 1.8799581e-06]]]


 [[[2.1012066e-04 2.3414833e-04 1.3809255e-04 3.4274308e-05
    7.2279033e-07 2.5367375e-05 9.4214949e-05 3.4355988e-05]]

  [[1.8219138e-04 2.7275947e-04 1.3507689e-04 3.3256318e-05
    1.4012368e-05 4.0598796e-05 9.1309754e-05 3.8478116e-05]]

  [[1.7017956e-04 3.7058152e-04 1.5896953e-04 1.1095147e-05
    1.6206481e-05 3.9555292e-05 8.1965147e-05 5.7538718e-06]]]]
core/core/conv2a_b/Adam
[ 1.4355808e-05  1.4951242e-03 -8.0721464e-04  1.7896439e-04
 -2.4046152e-04  5.3659180e-04  6.7811830e-05 -1.2156781e-04
  3.6602860e-04  5.3289288e-04  2.7798467e-06 -2.4835055e-04
 -9.2392722e-05 -4.1651432e-04 -3.6006901e-04  1.0999554e-03]
memage
[ 2.  3.  0. 10.  0.  7. 12.  4.  1. 12.  8.  8.  2.  1. 10.  6.  8.  9.
  2.  4.  6. 10.  9. 12. 12.  3.  5.  8.  5. 12.  4.  4.  8. 10.  7.  6.
  8.  4. 10.  8. 12.  9.  7.  1.  6.  1.  1.  5.  6. 12.  1. 12. 12.  6.
  2.  6.  3.  3. 10.  2.  5.  6.  3.  3. 12. 11.  3. 11.  5.  8. 10. 12.
  4.  9.  4.  0. 12.  6.  8.  9.  6. 12. 12.  6.  0.  3.  5.  8.  2.  1.
  2. 12.  7.  0.  4.  1.  0.  0.  6.  2.  4.  3.  2.  6. 12. 10. 12.  3.
  7.  7.  5.  5.  6.  4.  7.  4.  7.  8.  1. 12.  3.  7.  0. 11.  0.  7.
  1.  7.  1.  7.  2. 12.  0. 10. 12.  9.  2. 11.  8.  3.  5.  1.  1. 12.
  8.  9.  4.  3.  1.  0.  7.  9.  0.  6. 10.  3. 12.  3. 11.  7. 10. 12.
  5.  5.  9.  4.  0.  2.  5.  9.  2.  0.  0.  4.  2. 10.  2.  3.  5. 12.
  1.  4.  7.  1.  8.  5.  0.  5.  5.  7.  6. 12.]
core/core/conv2a_w/Adam
[[[[ 6.4730819e-20  0.0000000e+00  0.0000000e+00 ...  0.0000000e+00
     0.0000000e+00  1.0929722e-22]
   [-1.2018403e-05  5.2933046e-06 -5.0501427e-07 ... -2.3080476e-05
    -3.6289304e-08  2.5567384e-05]
   [-6.7984104e-07  1.0952760e-05 -9.0219755e-06 ... -3.8220933e-06
    -1.5133593e-07 -9.6828819e-07]
   ...
   [-5.7390898e-06  7.3708594e-05 -4.8760154e-05 ... -6.7985152e-06
    -8.7513781e-06  4.0488929e-05]
   [ 0.0000000e+00  0.0000000e+00  0.0000000e+00 ...  0.0000000e+00
     0.0000000e+00  0.0000000e+00]
   [-1.4666141e-06  1.0132455e-05 -1.0350375e-05 ... -4.7918575e-06
    -8.8049781e-08 -9.5136960e-07]]

  [[ 0.0000000e+00  0.0000000e+00 -3.5300715e-36 ... -7.0764868e-36
     0.0000000e+00  0.0000000e+00]
   [ 6.0715777e-08  1.7676428e-09 -1.1226778e-05 ...  5.8623345e-07
     1.5382152e-12  5.7244586e-07]
   [ 3.8528071e-07  1.9553945e-05 -9.5005616e-06 ... -7.7451241e-06
    -2.6293260e-06  2.1840974e-07]
   ...
   [-1.1391433e-05  7.1795672e-05 -5.7028366e-05 ... -1.8014822e-05
    -8.0541413e-06  6.3233929e-05]
   [ 0.0000000e+00  0.0000000e+00  0.0000000e+00 ...  0.0000000e+00
     0.0000000e+00  0.0000000e+00]
   [ 5.0390518e-06  3.8999970e-05 -7.6022889e-06 ... -7.4858226e-06
    -9.3898898e-06 -3.1495273e-07]]

  [[ 2.3704483e-28  6.5852552e-27  0.0000000e+00 ...  1.3656505e-35
     0.0000000e+00 -3.8807577e-22]
   [-8.5869427e-09 -1.9626251e-08 -1.7666027e-07 ... -1.5403685e-07
    -2.3879504e-10 -1.5486592e-08]
   [-1.5378400e-06  8.4576150e-06 -6.7933911e-06 ... -1.1163034e-05
    -1.9617753e-19  2.5385336e-06]
   ...
   [-2.4805715e-05  5.2249907e-05 -4.2524429e-05 ... -1.8982242e-05
    -5.6543254e-08  5.7560268e-05]
   [ 0.0000000e+00  0.0000000e+00  0.0000000e+00 ...  0.0000000e+00
     0.0000000e+00  0.0000000e+00]
   [ 3.5754545e-06  9.6385174e-06 -7.8227740e-06 ... -1.2570189e-05
    -2.2348086e-19  3.6989411e-06]]]


 [[[ 3.1944490e-12 -8.5186413e-20  0.0000000e+00 ...  9.8922128e-22
     0.0000000e+00  4.9577270e-08]
   [-1.2829774e-05  4.7659541e-06 -1.0584051e-06 ... -2.1551712e-05
     4.4823839e-08  2.2193484e-05]
   [ 3.6646788e-06  8.6365770e-07  1.9825800e-06 ... -8.9110710e-09
    -3.4942364e-06 -2.5875585e-10]
   ...
   [-8.3751129e-06  6.6465000e-05 -3.6406302e-05 ...  2.0361310e-06
    -1.6788366e-05  3.9841980e-05]
   [ 7.0990414e-09  1.7117650e-08  1.2143284e-24 ...  0.0000000e+00
    -4.2730568e-15  3.8506221e-07]
   [ 4.0535383e-06  3.4906128e-07  2.5752599e-06 ... -2.8407892e-09
    -5.9299418e-06 -1.1942371e-08]]

  [[-6.6379512e-14  1.5904524e-22  1.0777343e-19 ...  0.0000000e+00
     0.0000000e+00  7.1701862e-13]
   [-5.0066138e-08 -3.8627924e-08 -8.2305141e-06 ... -1.5386386e-06
    -2.2371243e-07  1.1425111e-06]
   [ 4.1300664e-06  8.3969744e-06  2.7942110e-06 ... -2.5926932e-08
    -3.6199190e-06 -8.3491230e-08]
   ...
   [-2.0084660e-06  7.9173420e-05 -4.9098351e-05 ... -1.8515848e-05
    -1.7987197e-05  4.2554155e-05]
   [ 7.1834991e-09 -1.0345588e-08  8.4257040e-25 ...  0.0000000e+00
    -3.5785101e-15  5.0176150e-06]
   [ 1.1828850e-05  2.5705687e-05  3.3070555e-06 ...  4.6572548e-08
    -8.2571178e-06 -3.8749553e-07]]

  [[-2.7927189e-15  0.0000000e+00  0.0000000e+00 ... -3.2451175e-22
     0.0000000e+00  6.5939608e-11]
   [-4.1594198e-08  9.4573394e-10  1.3065278e-06 ...  6.1347784e-08
    -9.2619858e-09 -3.4117306e-08]
   [ 4.3519494e-06 -1.2161991e-07  6.5516360e-06 ...  1.8467925e-06
    -4.2936126e-06  2.0910340e-06]
   ...
   [-1.0954251e-05  5.9858969e-05 -4.0279807e-05 ... -2.2857377e-05
    -1.3771425e-05  5.2002513e-05]
   [ 2.6916653e-09  6.4458363e-09  0.0000000e+00 ...  0.0000000e+00
     0.0000000e+00  2.7348578e-06]
   [ 4.6396158e-06 -1.2530346e-07  1.1528951e-05 ...  3.8698554e-06
    -4.2149263e-06  5.8662995e-06]]]


 [[[-5.4401128e-09  0.0000000e+00  1.6572338e-10 ... -1.4687355e-07
     0.0000000e+00  2.8328060e-14]
   [-1.1121900e-05  8.8345996e-06  1.1359884e-07 ... -3.3111748e-05
     3.6112247e-08  2.3299182e-05]
   [-5.2111210e-10  1.1240433e-16 -5.3732876e-09 ...  1.3216406e-10
    -3.3174625e-09 -6.2629457e-11]
   ...
   [-8.7945027e-06  8.5626969e-05 -4.5503242e-05 ... -1.1852992e-06
    -1.8189703e-05  3.2829539e-05]
   [ 4.7887261e-06 -1.2763439e-06  4.2891493e-06 ... -4.2465871e-07
     0.0000000e+00  2.0382358e-33]
   [-4.8761354e-08  1.6050308e-09 -8.7502733e-10 ... -6.8106082e-10
     0.0000000e+00  3.0082486e-08]]

  [[ 1.4892372e-11 -7.4017659e-36  2.3930212e-07 ...  5.1895342e-11
    -7.0438323e-21  2.6190089e-15]
   [-3.5756847e-07  1.6732249e-08 -1.1877092e-05 ... -8.9381565e-08
    -2.6009894e-07 -4.3240416e-08]
   [-4.0852924e-06  1.1923599e-05 -6.4396360e-10 ... -5.0930635e-20
    -3.0809945e-06  5.6959584e-07]
   ...
   [-1.5002222e-05  9.5454932e-05 -5.9150443e-05 ... -1.6088547e-05
    -2.1307629e-05  4.2811887e-05]
   [ 4.4181979e-06 -1.0942663e-06  1.7091230e-06 ... -3.4268444e-06
     0.0000000e+00  1.2722386e-13]
   [-1.0924622e-05  3.2250915e-05 -2.7733420e-09 ... -3.4934218e-09
    -6.3816451e-06  3.1178726e-07]]

  [[ 5.8187717e-12  0.0000000e+00 -1.1738414e-11 ... -4.4423687e-11
    -1.5097229e-21  4.1289560e-14]
   [ 4.7885298e-08 -5.2097896e-08 -1.9410490e-06 ... -4.1123542e-08
     2.5458966e-09  3.2046894e-09]
   [ 1.3528404e-07  5.1441117e-12  7.0162008e-07 ... -1.4951100e-06
    -1.7352445e-09  1.6189487e-06]
   ...
   [-7.0358979e-06  6.5719702e-05 -5.2381845e-05 ... -2.5887372e-05
    -1.0887212e-05  4.8456928e-05]
   [-1.7894491e-06  0.0000000e+00  3.2437113e-06 ... -1.3958283e-06
     0.0000000e+00  3.9258814e-13]
   [ 4.7212819e-07  1.6735116e-10  1.1933281e-06 ... -2.8537843e-06
     2.2897412e-07  5.6045237e-06]]]]
core/beta2_power
0.11371516
hash_vecs5
[[-1.385852    0.7608111  -0.8600579   0.18510135  0.5835853  -0.47019464
  -0.190411    1.2580699  -1.959329    0.5022738   1.6404431   0.12651631
  -1.1118237   0.20576595 -0.48101807 -0.36967763]
 [-0.50110257  0.38906738 -0.47904727  0.32003415 -0.8702385   0.01188803
   0.5114979  -0.7590859  -0.3550854  -0.7544697  -0.29015142 -0.8320983
  -0.48750126 -1.5066903  -0.072713   -0.43755013]
 [ 0.29721898  0.781886    0.48716494  0.59192955 -0.60184705  0.17040323
  -0.13547759 -1.3092544  -0.3207395   1.4241213  -0.22315034 -1.2436651
  -0.1165107  -1.0696086   0.94163615 -0.61644024]]
core/beta1_power
0.0
hash_vecs4
[[ 5.0990808e-01  3.1554613e-02  9.5748967e-01 -6.5859842e-01
   4.5630983e-01  4.9268118e-01  1.1253420e+00 -1.5613917e-01
   1.6400045e+00 -4.5964664e-01 -4.5268291e-01  1.2117939e+00
  -2.5583202e-01  2.8610921e-01 -7.1653891e-01  6.3264799e-01]
 [ 6.9707388e-01 -1.4692720e+00 -1.5321074e+00  7.8132641e-01
   1.2271907e+00 -1.0426573e-02  1.0255687e-01  3.0717084e-01
  -2.2736394e-01  1.9402871e-01 -2.2954339e-01  6.6201639e-01
   2.1921328e-01  1.7477168e+00 -1.3683612e-03 -5.2046061e-01]
 [ 7.6657945e-01  1.3857032e+00  1.7187165e-01  5.2629256e-01
  -7.2287333e-01  6.8596804e-01 -2.3936003e-01 -1.9129263e-01
   4.6572131e-01  4.5967844e-01 -7.8794616e-01  7.4437261e-01
  -3.0817416e-01  7.4626386e-01  5.7752079e-01  9.7506136e-01]]
core/conv2a_w
[[[[-0.03758273  0.12088063  0.00440261 ... -0.0787169   0.11425771
     0.10158923]
   [-0.05146694 -0.1198792  -0.02528458 ... -0.01875193  0.13403715
     0.06586432]
   [-0.08424333  0.03628961  0.08274448 ... -0.14916267  0.07969605
     0.00173345]
   ...
   [ 0.06479999  0.00025541 -0.04721858 ... -0.17542963  0.06522927
    -0.00837278]
   [ 0.1316484  -0.0475915  -0.07253897 ...  0.18530251 -0.17649832
     0.14888673]
   [ 0.00362136  0.12632178 -0.13729076 ...  0.02915054 -0.02061619
    -0.03339518]]

  [[-0.06923636 -0.10739255  0.13938819 ... -0.1960327  -0.03915169
     0.01852437]
   [ 0.13991724 -0.08110815  0.15077564 ... -0.06785657 -0.10498713
     0.15971665]
   [-0.0124377   0.06849764 -0.05062965 ...  0.05518575 -0.02287412
    -0.10132804]
   ...
   [ 0.05503809 -0.09024122 -0.01004956 ...  0.03228934 -0.11662015
     0.0682195 ]
   [ 0.04739881 -0.14168473 -0.00563434 ...  0.06857727  0.10920165
     0.13578455]
   [ 0.00264662 -0.01356246  0.03135555 ...  0.07507872  0.03265248
    -0.00736555]]

  [[-0.0948635   0.08216096 -0.00267785 ...  0.05497094  0.16448538
    -0.05682201]
   [-0.17551397 -0.00555998  0.02246498 ... -0.08276506 -0.08803283
    -0.02603316]
   [ 0.01648684  0.07333552 -0.05346182 ... -0.10718028  0.04537478
     0.1411419 ]
   ...
   [-0.0955025   0.04464077  0.0368542  ... -0.09740686  0.04170783
    -0.06819559]
   [ 0.0995358   0.0960752   0.09865717 ... -0.03341595  0.05342094
     0.03098148]
   [ 0.09166121  0.01849849 -0.10507575 ... -0.1063521   0.00669799
    -0.0847374 ]]]


 [[[ 0.01343153 -0.03755199  0.16338652 ...  0.09165271 -0.08425062
     0.06316905]
   [ 0.06695271 -0.05891963 -0.00544997 ... -0.06313895  0.00754921
    -0.00413515]
   [-0.05590209 -0.07676265 -0.10682043 ...  0.12720181 -0.13536118
     0.04816395]
   ...
   [ 0.00229357  0.0475219   0.02321838 ... -0.02662797  0.03904409
    -0.14504987]
   [ 0.11030432  0.02348573 -0.14629303 ...  0.00383008  0.0217133
     0.02904334]
   [ 0.03894455 -0.0784045   0.14558955 ... -0.11550765 -0.05459161
    -0.04555057]]

  [[-0.01015377 -0.16882664  0.03821993 ...  0.03427994  0.01079251
     0.19026388]
   [-0.13997844  0.06294999 -0.02869732 ...  0.07689279  0.20121993
    -0.15354449]
   [-0.00299627  0.09309309 -0.02091881 ... -0.0453216   0.04031851
    -0.19581291]
   ...
   [ 0.17918164  0.0986324   0.03573183 ...  0.17845084 -0.09059788
    -0.06307445]
   [ 0.16671044 -0.03358346 -0.0507585  ...  0.1528302   0.1542424
     0.03161139]
   [-0.00532013 -0.05456099  0.06481576 ...  0.12083308 -0.09180928
    -0.0831218 ]]

  [[ 0.04016164  0.18938492 -0.08580279 ... -0.05026561 -0.02975201
    -0.16410255]
   [-0.12136908 -0.0558527   0.04726876 ... -0.00870968  0.05798748
     0.02072348]
   [-0.02073058 -0.16598052  0.12319537 ... -0.12732595 -0.08693907
     0.11652487]
   ...
   [-0.15668096 -0.1154308  -0.12139406 ... -0.00123567  0.04926089
     0.09316832]
   [-0.02675823 -0.01014387  0.1050678  ... -0.10209927  0.01507295
     0.00978324]
   [-0.06732492 -0.05536276 -0.05956784 ... -0.15335056  0.06607977
     0.00161485]]]


 [[[ 0.03352437 -0.08478606 -0.07846024 ... -0.00246122 -0.00981125
     0.08579785]
   [ 0.08368321  0.11325395 -0.00949109 ... -0.16897249  0.07985963
     0.11206112]
   [ 0.10902121 -0.09058951 -0.05311485 ...  0.0341675   0.10408853
     0.02786006]
   ...
   [-0.04255064  0.09474861  0.02836882 ...  0.04926983 -0.05627649
     0.00863313]
   [ 0.05845338 -0.17141844 -0.12017646 ... -0.0994662  -0.06381183
     0.06205281]
   [ 0.187158   -0.19007577  0.00328276 ... -0.02845645  0.11392687
     0.05164908]]

  [[-0.0231605  -0.11978032  0.02673219 ... -0.03147632  0.11592605
    -0.05369126]
   [ 0.0403756   0.17395438 -0.09455062 ... -0.06068329  0.15393935
    -0.13685067]
   [-0.06351632  0.13330705  0.07481457 ... -0.10107338  0.08757054
    -0.06772138]
   ...
   [ 0.12264292  0.11939369  0.06389569 ...  0.01251423  0.14970769
     0.19191651]
   [ 0.03890067 -0.10172083  0.06486062 ... -0.04330712 -0.00417862
     0.01296087]
   [-0.13081576 -0.12433451 -0.02424773 ...  0.06491959 -0.1000536
     0.1188544 ]]

  [[-0.05839585  0.06983486 -0.00108202 ...  0.12028754  0.1146429
     0.08466604]
   [ 0.09954857  0.06658915  0.16653804 ... -0.14716704 -0.05325295
     0.04102471]
   [-0.00790295 -0.09133495  0.08857279 ...  0.07423985 -0.11709099
     0.16794641]
   ...
   [-0.085873    0.04001527 -0.16682237 ...  0.15660515 -0.00326024
     0.11293198]
   [-0.12958547 -0.07331523 -0.06312391 ...  0.09876719  0.10134317
     0.04369903]
   [-0.06614259  0.10015216 -0.17797907 ...  0.04759581 -0.10405008
    -0.08968189]]]]
core/core/conv2a_w/Adam_1
[[[[6.81185021e-17 0.00000000e+00 0.00000000e+00 ... 0.00000000e+00
    0.00000000e+00 5.65335928e-17]
   [9.98340624e-07 1.54932621e-07 1.82787119e-09 ... 1.21245114e-06
    2.61517807e-09 2.03858599e-06]
   [3.79969180e-07 3.75313647e-07 5.47480226e-07 ... 4.03223197e-07
    2.46769005e-08 8.97449794e-08]
   ...
   [1.01452852e-05 6.82440032e-06 1.01212954e-05 ... 3.90322657e-06
    4.24152489e-07 8.16554348e-06]
   [3.05758543e-11 0.00000000e+00 1.35371434e-12 ... 4.59415550e-17
    0.00000000e+00 1.64913797e-12]
   [1.66428677e-07 2.06345064e-07 2.26518836e-07 ... 2.03567211e-07
    7.48861950e-09 3.04260723e-08]]

  [[0.00000000e+00 0.00000000e+00 1.62267165e-20 ... 1.28125636e-17
    0.00000000e+00 0.00000000e+00]
   [1.71897985e-09 2.67314082e-08 6.81525194e-07 ... 2.59799471e-08
    6.06033940e-13 1.16315233e-08]
   [1.39103372e-06 1.49349455e-06 5.58787178e-07 ... 1.27686610e-06
    1.14377322e-07 3.87623743e-07]
   ...
   [1.12079115e-05 7.60409830e-06 1.01986388e-05 ... 5.59353111e-06
    3.58681774e-07 1.33222393e-05]
   [4.78300455e-10 0.00000000e+00 4.37737469e-16 ... 6.32639394e-13
    0.00000000e+00 2.57817535e-11]
   [3.48827871e-06 4.36226583e-06 6.79312677e-07 ... 1.63595564e-06
    5.60787441e-07 6.26273504e-07]]

  [[1.55694051e-20 1.17310887e-17 6.38028511e-20 ... 1.78791794e-19
    0.00000000e+00 8.07909372e-19]
   [5.60058888e-10 2.00800865e-09 8.83399187e-10 ... 5.67806824e-09
    6.66784675e-14 4.89445373e-10]
   [4.28954706e-07 3.91753503e-07 7.44145495e-07 ... 2.30749788e-06
    3.82087650e-09 8.32160822e-07]
   ...
   [5.62067589e-06 4.47676894e-06 7.18336560e-06 ... 8.51005643e-06
    5.81866075e-08 1.28273623e-05]
   [0.00000000e+00 1.71561168e-11 3.02855636e-12 ... 3.87450499e-16
    0.00000000e+00 2.03136878e-12]
   [3.86168182e-07 2.64247745e-07 1.96540236e-06 ... 4.41291149e-06
    2.61579092e-09 1.77641164e-06]]]


 [[[1.63816058e-10 1.36015616e-13 5.76161734e-20 ... 1.79073949e-17
    0.00000000e+00 7.20900215e-11]
   [1.09147129e-06 1.17064928e-07 3.29196315e-09 ... 1.62850699e-06
    4.78877880e-08 1.73182286e-06]
   [4.20578090e-07 2.01525054e-07 3.07148383e-07 ... 1.00426824e-07
    5.55995200e-07 9.10680242e-09]
   ...
   [9.70143810e-06 8.09991707e-06 9.01274962e-06 ... 7.10821359e-06
    3.63748427e-06 6.66009737e-06]
   [4.89836935e-08 2.88183539e-08 1.04999044e-10 ... 1.31994398e-11
    3.59569254e-12 5.25687653e-07]
   [2.03743738e-07 1.16064616e-08 2.42483480e-07 ... 3.65191610e-08
    3.31442379e-07 3.53231955e-09]]

  [[3.03364070e-11 2.34158098e-13 2.66030632e-17 ... 0.00000000e+00
    0.00000000e+00 4.49096402e-12]
   [1.97133768e-10 5.60209346e-09 6.64039135e-07 ... 2.68352540e-08
    1.40181200e-07 3.74504374e-08]
   [1.77158108e-06 1.46709078e-06 3.51140244e-07 ... 5.59006821e-07
    8.47369279e-07 8.35039629e-08]
   ...
   [1.28263500e-05 9.45003922e-06 1.09296070e-05 ... 7.36137054e-06
    3.79222161e-06 9.17199850e-06]
   [6.15344717e-08 8.80762396e-09 6.92051277e-12 ... 5.25771371e-11
    2.58169614e-11 6.78414381e-07]
   [4.65774201e-06 5.01816839e-06 3.40383622e-07 ... 1.44320063e-06
    2.13502676e-06 3.50465768e-07]]

  [[9.78667494e-11 0.00000000e+00 8.43845355e-19 ... 2.70413566e-20
    0.00000000e+00 1.03574319e-11]
   [2.72086154e-09 2.42396103e-09 2.37959363e-09 ... 6.58844090e-09
    1.33967337e-10 2.33386133e-09]
   [7.09975780e-07 4.00925728e-08 7.38914082e-07 ... 8.00455723e-07
    4.16760059e-07 3.48666219e-07]
   ...
   [6.05396281e-06 5.04245145e-06 8.93407105e-06 ... 9.24003689e-06
    2.65997437e-06 9.66180596e-06]
   [1.43044137e-08 1.65938605e-08 1.02931601e-10 ... 4.55432275e-10
    0.00000000e+00 6.06606079e-07]
   [8.48856075e-07 1.06036309e-08 1.74253557e-06 ... 3.29558748e-06
    3.12160807e-07 8.71520399e-07]]]


 [[[8.55115566e-13 1.08773867e-16 5.34301639e-12 ... 3.41108808e-11
    3.69311030e-17 1.00299299e-15]
   [9.26631799e-07 3.23635049e-07 1.84407245e-09 ... 2.29629541e-06
    2.11573408e-08 1.82447945e-06]
   [4.66283234e-10 7.17826770e-11 8.69207928e-10 ... 4.74421391e-10
    3.89141774e-11 3.40426749e-11]
   ...
   [3.80135816e-06 8.95897847e-06 9.33135925e-06 ... 1.09734765e-05
    2.20816878e-06 6.73318709e-06]
   [6.97804353e-07 5.10169729e-09 5.02917999e-07 ... 2.77751894e-07
    0.00000000e+00 1.41950215e-10]
   [1.54413549e-09 1.63083846e-09 6.30133545e-09 ... 1.66742631e-09
    1.45578601e-11 7.61504360e-10]]

  [[6.67915721e-17 1.58177613e-20 8.10227649e-11 ... 3.27558203e-10
    1.54066571e-16 5.27439386e-14]
   [2.62147482e-09 5.37076050e-10 6.39347604e-07 ... 1.35953284e-08
    1.06514442e-07 2.89625550e-08]
   [5.49634819e-07 9.39999893e-07 8.12860677e-08 ... 1.69162320e-07
    2.13744116e-07 8.29094944e-08]
   ...
   [8.10430174e-06 1.25570659e-05 8.13167026e-06 ... 1.02425374e-05
    3.41182886e-06 1.00329371e-05]
   [6.99639600e-07 1.03679296e-08 1.68984442e-07 ... 5.03366152e-07
    4.16498467e-15 1.07929821e-09]
   [1.98684938e-06 4.06353411e-06 2.39048745e-07 ... 4.78228003e-07
    7.24257973e-07 3.69981308e-07]]

  [[5.10732689e-12 3.53339020e-20 1.60360909e-11 ... 3.53989921e-10
    1.63745795e-17 1.36909734e-10]
   [3.84802912e-10 1.46514995e-10 1.97091121e-09 ... 2.14448181e-10
    9.18670435e-12 8.40003067e-10]
   [5.50914159e-08 2.26675539e-10 5.09809524e-07 ... 4.93560208e-07
    2.05239784e-10 2.89484461e-07]
   ...
   [4.08116875e-06 5.71853161e-06 8.84867131e-06 ... 1.33272542e-05
    1.56663828e-06 1.15970715e-05]
   [1.50822075e-07 1.26574182e-10 2.30429862e-07 ... 5.93806647e-07
    1.42037642e-14 5.98517624e-11]
   [3.64291907e-07 8.07801215e-10 1.79991594e-06 ... 2.12120108e-06
    2.58152166e-09 8.55578833e-07]]]]
core/conv1a_b
[-0.00212089  0.00287728  0.0056994  -0.00079514 -0.00421102 -0.00252528
 -0.00258847 -0.00049209]
core/core/conv1a_w/Adam
[[[[ 8.46813236e-06 -5.54251965e-05  2.31599188e-05  2.49231871e-05
    -3.63518193e-05  1.75012822e-08  3.42948188e-05 -9.02734811e-08]
   [ 1.23767786e-05 -1.04121667e-04  6.59418220e-05  1.20516024e-05
    -5.43267925e-05  4.77296680e-07  6.65224070e-05  1.34371430e-06]
   [ 2.48391711e-06 -8.40119264e-06  3.36696962e-06  7.46313503e-07
     2.21817125e-08  4.56084379e-08  4.18984428e-06  5.26327653e-07]
   [-6.45398686e-08 -6.77848107e-07  2.25276537e-07  6.42115367e-07
     4.66616029e-07  1.61229224e-10 -9.12011956e-07  4.66750194e-09]
   [-3.91964825e-08  1.11760000e-05 -4.76701553e-06  1.44367833e-08
     4.54018345e-06 -2.38832287e-09  1.53725841e-06 -1.10119007e-08]
   [ 4.24689370e-06  3.65238202e-06  1.02738409e-06  1.96227211e-06
     7.23770086e-07  9.22752541e-10 -9.02847489e-07 -5.47041680e-07]
   [ 4.99252735e-07 -2.60306260e-05  3.63034610e-06 -1.11870113e-05
    -8.85409918e-06  1.32790547e-07  3.27712260e-05 -2.90116446e-07]
   [ 3.32034524e-08  1.43810752e-07  3.84324181e-08  9.01599506e-08
     3.38397490e-06 -3.80021514e-10  5.82703024e-07  1.20151682e-07]]

  [[ 6.75988122e-06 -5.04526433e-05  3.42087078e-05  3.03158904e-05
    -3.02198623e-05 -3.34147887e-09  2.72064553e-05  2.36372034e-06]
   [ 7.35595950e-06 -7.41904878e-05  7.57803355e-05  1.61634071e-05
    -5.76754537e-05  3.59430089e-07  4.48358041e-05  4.00874887e-06]
   [ 7.14040993e-07 -1.00983179e-05 -5.61390880e-06 -3.17434251e-06
     3.39159783e-06  1.75856769e-07  1.79623803e-05 -1.62529830e-06]
   [ 1.30959165e-07  7.71834664e-07  1.09696231e-07 -1.48387429e-07
    -2.01060061e-07 -1.15581173e-11 -9.85985116e-06  9.03475495e-07]
   [-5.14984322e-06 -1.35940141e-07  4.11755394e-07  9.78660182e-07
    -1.83649618e-07 -1.24424151e-08  6.16885529e-08 -1.37331513e-09]
   [-4.73863975e-06 -5.58832596e-07  3.47726359e-06  6.19396303e-07
     1.39667043e-06 -1.32823619e-09  1.58490607e-07 -2.18807429e-07]
   [-3.14140749e-07 -1.77074962e-05  2.71925928e-05  6.03435183e-06
    -1.05953777e-05 -3.07721031e-08  8.55821054e-06  1.99878332e-06]
   [-1.04165997e-06  2.64325877e-07 -1.79047333e-07 -9.13553890e-08
     7.85113059e-07 -4.73201744e-09 -1.71868760e-05  1.31788170e-06]]

  [[ 6.25658549e-06 -6.06104077e-05  2.99738367e-05  2.95741065e-05
    -1.72668588e-05  7.48218820e-09  7.62333366e-05 -1.49991149e-06]
   [ 5.18344268e-06 -8.90530355e-05  6.03311419e-05  1.56675960e-05
    -5.59081855e-05  3.12490869e-07  1.34052287e-04 -4.28582234e-06]
   [-1.52432222e-07 -8.23297341e-06  1.40925049e-05  4.56188309e-06
    -1.00672078e-05  3.91071318e-08  8.83774010e-06 -5.01707298e-08]
   [ 1.44791829e-06 -1.03070113e-06  1.66764426e-06  9.12245127e-07
     2.87652097e-06 -1.94786392e-11  1.68622876e-07 -8.63881624e-08]
   [ 3.93954558e-08 -1.01634939e-07  1.71521410e-08  9.08574691e-08
    -6.47267981e-08 -9.61617008e-10  5.30114164e-07  2.13259568e-07]
   [ 3.02805529e-06 -3.30527564e-06  1.59617258e-07  1.21638732e-06
     1.50110020e-06 -1.55347502e-09  9.91451316e-07 -2.29397983e-07]
   [-1.16813885e-06 -1.34736547e-05  2.67474188e-05  7.60905380e-07
    -1.59118099e-05 -1.04697140e-08  4.16686380e-05  3.07663717e-09]
   [ 5.50124888e-08 -7.97993152e-07  4.10370239e-06  2.67674545e-06
     3.20859522e-06 -1.44227824e-10 -1.88015889e-07 -1.55435558e-08]]]


 [[[-6.44716511e-06 -9.31862378e-05  4.41000520e-05 -4.78297216e-06
     4.24824839e-06  2.49628727e-07  1.33300300e-05 -4.44718216e-06]
   [-5.04608852e-06 -1.07333057e-04  4.22400881e-05  5.31538308e-06
    -6.54833639e-05  2.30486464e-07  8.25433235e-05  2.25956705e-06]
   [ 1.45047338e-07 -1.16875963e-05  7.31337377e-06 -2.83827006e-07
    -4.72731972e-06  3.47846303e-08  4.71070189e-06  8.43008593e-07]
   [ 5.32354960e-08  1.00627551e-06  1.62865797e-06 -2.38754137e-06
     8.31645536e-07  6.76135912e-08  2.27984879e-06 -5.89091542e-07]
   [ 2.23177352e-07  8.46140028e-06 -5.43563328e-06  1.97772962e-07
     3.39674193e-06 -1.29202338e-08 -3.39954056e-08  3.89884081e-09]
   [ 4.75202420e-08  1.69855150e-06 -4.49326848e-07 -3.95750203e-06
     3.78073196e-06  9.53713108e-09  6.11848861e-07  6.88154778e-09]
   [-8.47399588e-06 -4.64628247e-05 -2.82341517e-07 -4.85366172e-06
    -9.86000759e-06  4.10259489e-08  2.71485733e-05  3.81766995e-07]
   [-4.10730960e-09 -5.31631315e-07  6.96727938e-08 -2.29836488e-07
     3.33801637e-07  2.91696201e-09  1.44234690e-07  2.00503845e-08]]

  [[-9.83909558e-06 -8.72165620e-05  4.82962460e-05  6.76733953e-06
     1.96737783e-05  9.71951835e-08 -1.20349605e-05 -2.98129271e-06]
   [-1.10388714e-06 -1.00945283e-04  7.48059538e-05  3.50639421e-05
    -4.68311446e-05  8.55356941e-09  5.09275087e-05  3.82951430e-06]
   [ 1.29842454e-06 -9.00037230e-06 -6.10305278e-06 -6.57849432e-06
    -3.92578249e-06  7.15376132e-08  3.04818568e-05 -1.39729718e-06]
   [ 1.23461041e-06 -5.44404566e-06  1.10150256e-06  7.96079746e-07
    -8.35059453e-08  2.79115895e-08 -1.21232033e-05 -2.42637640e-07]
   [-3.70079124e-06  6.33163992e-08  2.53464719e-07 -9.36358973e-08
     5.32263130e-07 -1.64996568e-08  5.47305845e-08 -6.15977269e-10]
   [-1.97190886e-08  1.11672261e-06  1.80366033e-06 -4.37058725e-06
     5.51274411e-07  4.49258444e-08 -1.14938814e-06  2.59365684e-08]
   [-7.09938922e-06 -3.33866046e-05  1.22385591e-05  7.40347377e-06
    -9.49071728e-06  1.89358556e-08  6.88455748e-06 -6.51020969e-07]
   [-1.76475828e-06  6.80549363e-07 -1.41027982e-07 -8.83255041e-07
     6.55791155e-07 -3.65275121e-09 -1.69454888e-05  1.23827465e-06]]

  [[-1.64062840e-05 -8.46891126e-05  3.96012911e-05  1.23767143e-06
     2.14479787e-05  1.31373739e-07  3.90139903e-05 -2.25795202e-06]
   [-9.44108251e-06 -9.84799990e-05  5.86812421e-05  2.48586803e-05
    -3.50113296e-05  1.57078219e-07  1.43073790e-04 -2.07522453e-06]
   [-5.47554180e-07 -5.33206958e-06  1.48661202e-05  2.09728705e-06
    -1.69095201e-05  1.58805467e-08  1.51007225e-05 -4.78761478e-07]
   [ 1.69144784e-07  2.48604550e-07  1.94490917e-06  2.17992891e-07
     2.20772608e-06  1.26887922e-08  1.27932310e-06  1.70300218e-08]
   [ 1.42628425e-08  6.63600133e-07  5.20431911e-08 -2.29937598e-08
     4.17805701e-08 -7.72032571e-09  5.33318712e-07  3.67210085e-08]
   [ 2.39601476e-08  2.66389378e-07  1.88601950e-06 -6.17075386e-07
     1.35969003e-06  5.25985406e-08  4.06891104e-06  1.36084481e-07]
   [-1.15057628e-05 -2.99555650e-05  2.45177143e-05  1.30682420e-05
    -3.68734527e-06 -6.84180490e-10  3.00291995e-05 -3.38785384e-07]
   [ 3.37328920e-09 -6.93541949e-07  3.36071366e-06  2.47457524e-06
     3.15791453e-06 -5.34463654e-11  1.31932927e-08 -8.90005367e-08]]]


 [[[-9.71871373e-07 -7.42736884e-05  6.18943668e-05 -1.16985984e-05
    -1.06056777e-05  3.36258665e-07  5.92555043e-05 -3.05243248e-06]
   [-7.43446753e-06 -1.34317888e-04  6.16436373e-05 -8.52099831e-08
    -2.30033565e-05  2.73395983e-07  3.96957657e-05 -7.46437581e-06]
   [-1.35277924e-06 -1.11242634e-05 -5.42196346e-07  3.08358540e-06
    -5.11149847e-06  2.72911005e-09  6.08668643e-07  2.92678010e-07]
   [ 4.55890721e-08  2.36452797e-06  6.92789328e-08 -1.09439634e-06
    -6.22014397e-07  4.94982544e-08  5.11942653e-06  5.18060155e-08]
   [ 2.30203611e-07  9.83010864e-07 -7.84631720e-06  1.98454600e-07
     3.48667754e-06 -2.03260986e-09  5.66284157e-08  4.71375428e-09]
   [ 2.68609057e-07  2.64806636e-06 -2.40080362e-06  2.75239074e-07
     3.57919362e-06  2.40985953e-10  1.58496766e-06  2.12971713e-07]
   [-3.60010006e-07 -4.74601875e-05  2.37739696e-05 -1.44338910e-05
    -4.93835114e-06  2.55781003e-07  1.12929483e-05 -2.54776569e-06]
   [-1.45607471e-09 -1.46456853e-06  6.50741967e-08 -1.76344614e-07
    -1.50117145e-07 -7.91486043e-10 -1.52039104e-09 -1.27378899e-08]]

  [[-4.42197734e-06 -6.97760697e-05  5.62868518e-05 -1.91871461e-08
     2.52261361e-06  2.40654771e-07  4.27791601e-05 -2.71058411e-06]
   [-9.68701443e-06 -1.27080901e-04  7.33258712e-05  2.39391047e-05
    -5.50061623e-06  1.87114964e-07 -2.06635264e-06 -5.10122845e-06]
   [-9.87325166e-07 -1.72050622e-05 -3.86806823e-06 -6.10901907e-06
    -4.67991094e-06  1.25993466e-07  9.76305273e-06 -2.19936442e-06]
   [ 5.41459940e-07 -8.31685838e-07  1.80623420e-06 -3.15326218e-07
     6.96746952e-07 -1.79527486e-08 -5.85260932e-06 -4.03371629e-08]
   [-4.83794565e-06  1.86032153e-07  2.51764561e-07  1.15589955e-06
    -1.01407565e-07 -2.88382935e-08  3.96417299e-08 -5.47558665e-09]
   [-2.44031980e-06  4.17582754e-07  2.11539168e-06  2.75340767e-06
    -2.23636880e-06 -1.90398985e-08  5.33862794e-06 -1.19720722e-08]
   [ 5.89608874e-07 -3.01726814e-05  2.56608237e-05 -8.04914862e-07
     6.37172752e-06  1.12425511e-07 -8.43592170e-06 -2.64246705e-06]
   [ 7.95023709e-07 -2.21290793e-06  1.47693404e-08 -1.61269668e-06
     6.17884439e-07 -6.95188906e-10 -1.63614350e-05 -1.17245413e-07]]

  [[-1.23991485e-05 -6.75450137e-05  4.38793286e-05  8.01757324e-07
     3.98635893e-06  1.89242797e-07  8.29215787e-05 -1.47107119e-06]
   [-2.06319291e-05 -1.26964907e-04  7.00945020e-05  2.55039995e-05
     6.91383821e-06  1.59770323e-07  8.58967906e-05 -1.54181487e-06]
   [-1.93637288e-06 -5.23297558e-06  9.16348654e-06  5.08698213e-06
    -1.66909067e-05 -3.52380924e-09  1.24087073e-05 -2.85516506e-07]
   [ 1.01751514e-08  2.25835521e-07  5.85764064e-06  4.82561973e-06
     1.75106118e-06 -4.25692059e-09  1.40480847e-06  7.10436909e-09]
   [ 2.97090075e-10  8.44480930e-09  6.37014921e-07 -1.45042707e-08
     4.98281993e-09  5.03771069e-08 -1.54364182e-06 -7.99347433e-08]
   [ 3.26984875e-08  7.44658962e-07 -1.64102210e-06 -9.56572244e-09
    -2.16417129e-06  3.92894499e-08  8.22414313e-06  1.06207999e-07]
   [-3.79291737e-06 -2.90364060e-05  3.49998008e-05  5.43261649e-06
     6.61027298e-06  2.65901789e-08  1.31512606e-05  3.17777555e-08]
   [ 3.44531799e-08 -1.10469364e-06  3.10202540e-06  2.44025932e-06
     2.85370356e-06  3.22546234e-09  2.18871449e-07 -6.22607033e-08]]]]
core/conv1_b
[-2.7731517e-03  6.6969222e-03 -7.3127412e-05  2.8654996e-03
  1.7553165e-03 -1.7147401e-03 -1.7943204e-04 -9.7050145e-04]
core/conv1a_w
[[[[-0.13087985 -0.17004493 -0.16255552  0.05264845 -0.02876009
    -0.13813603 -0.02717806  0.01941425]
   [-0.03751703  0.06831843  0.16488269  0.15584017  0.06251165
     0.02344515  0.0555756   0.11041007]
   [-0.07879389  0.01047816 -0.00092133 -0.03237789 -0.00702861
    -0.05239816  0.05373058 -0.14982207]
   [-0.01697194 -0.04673503 -0.05158259 -0.10377784  0.01152154
     0.01231092 -0.12329935  0.02574004]
   [ 0.05972479 -0.06185935  0.15678997 -0.07023698 -0.03535586
     0.08098717  0.0484517   0.17149206]
   [ 0.00242084  0.0845478   0.0217125  -0.06060935 -0.00522892
    -0.00842524 -0.03038714  0.05417865]
   [-0.12969902 -0.08779489 -0.01291548 -0.11463122 -0.02725598
    -0.04250266  0.05116484  0.03322757]
   [-0.11913873 -0.00890934 -0.08030242 -0.12541404 -0.00191926
    -0.12196878 -0.07747911  0.09488811]]

  [[ 0.10135654 -0.08043674  0.02977214 -0.02136067 -0.0812015
    -0.10888933  0.09835358 -0.00027977]
   [-0.17627537 -0.02695402  0.10765683 -0.00170741 -0.107188
    -0.06068483 -0.02872453 -0.01392915]
   [-0.04988424 -0.13249937 -0.04654111  0.0617728  -0.12036311
     0.07534654 -0.02134649  0.11794014]
   [ 0.07029626  0.0330934   0.07686572  0.06702719  0.00215565
     0.13534814  0.08349807  0.09118453]
   [ 0.11771824 -0.11657643  0.1027672  -0.05028143 -0.08973731
     0.11372809  0.11163875  0.16757011]
   [-0.00888807  0.00256151 -0.1471779  -0.07323583  0.03655573
     0.0050234  -0.07915889  0.04057292]
   [-0.11254041 -0.0164806   0.04980422 -0.10532643  0.01924271
     0.05337705 -0.04959667 -0.16208631]
   [-0.05553525  0.0725447  -0.01354541 -0.00495537  0.08812457
    -0.03712323  0.01297633  0.12881267]]

  [[ 0.17590131 -0.0813138   0.0141646  -0.04279058  0.07199284
    -0.15728277 -0.00709384  0.01562207]
   [-0.11865972  0.02869331  0.09847538  0.04386544 -0.03324518
     0.02250927 -0.1614656  -0.0137035 ]
   [-0.04074654 -0.14168781 -0.06023905  0.01292235 -0.07332669
    -0.0683509   0.08091126  0.152063  ]
   [-0.03907363  0.0381355  -0.19792794  0.1060204  -0.06350007
     0.10538871  0.05457     0.14727667]
   [ 0.02508605 -0.04577382 -0.09266995  0.04618014 -0.11899021
     0.12407944  0.09882817  0.15580317]
   [-0.01140099  0.10658545 -0.0919373  -0.18456365 -0.07508053
    -0.03914094 -0.08905049  0.14612772]
   [-0.02863638  0.14957277  0.06957138  0.00532114 -0.00307711
    -0.05665908  0.08684623 -0.07277344]
   [ 0.11684987  0.00114218 -0.0478318  -0.10371196  0.08675244
     0.12569514 -0.03726619  0.12107719]]]


 [[[ 0.10306633  0.06489284  0.06165985  0.08747586  0.06412551
     0.09361041  0.14348125  0.14870079]
   [-0.11759331 -0.01152008 -0.09858745 -0.14375506 -0.07494057
    -0.07115142  0.11665864  0.01801969]
   [-0.12634507  0.17898636  0.07193043 -0.13093904  0.04858102
    -0.11377136 -0.03799947  0.00659094]
   [-0.06458375 -0.10764079 -0.01195233 -0.07987729  0.07421952
    -0.16632256  0.14931022  0.00142478]
   [ 0.13636032  0.19732305 -0.10311566 -0.1281146   0.00935102
     0.07624218 -0.06416493 -0.00039524]
   [-0.0317644   0.01153271 -0.06704614 -0.04464207  0.00037623
     0.01204835 -0.05816053  0.06603435]
   [-0.0181805   0.13937417 -0.11319163 -0.11965366  0.0458399
    -0.05232939 -0.15384065 -0.04506534]
   [-0.13971566  0.05568082 -0.12734161  0.13132478  0.13299623
     0.02071703  0.05148409 -0.09239081]]

  [[ 0.08023515  0.06054964 -0.13369292 -0.06309707  0.01917853
    -0.1760462   0.09604735  0.0011159 ]
   [-0.08389101  0.01314023 -0.03883187 -0.07810377  0.12385866
     0.06178908  0.05076955 -0.04439483]
   [-0.16738969  0.01464302  0.07552419  0.0837671   0.03014111
    -0.05075143  0.00963191  0.02230349]
   [ 0.12535246  0.10797138  0.06268068 -0.02182968  0.0694463
     0.04014419 -0.00805101  0.11336104]
   [ 0.06264275 -0.00756116  0.17795277  0.05363582 -0.07815814
    -0.04509626  0.08421472 -0.06514944]
   [ 0.02155492 -0.16250925 -0.03905826  0.04319145 -0.06706812
     0.15133265 -0.0040053   0.00243702]
   [ 0.14546557  0.01219736 -0.0105031   0.02531094  0.04742086
     0.11176842  0.11460324  0.09137897]
   [ 0.07819287 -0.05662159 -0.03530377 -0.0096567  -0.02764134
     0.0451882   0.09192686 -0.09913784]]

  [[-0.04479123  0.14435776  0.11201388 -0.01742036  0.00166592
     0.05387666 -0.08373695  0.02332423]
   [-0.00975933 -0.01524656  0.05835112  0.14717554  0.05242789
     0.00447205  0.00550077 -0.08260737]
   [ 0.0604182  -0.0901861  -0.03387844  0.01104198  0.08508337
     0.03532168 -0.20217444  0.0486224 ]
   [ 0.02304634 -0.09149662  0.08749824 -0.04303049  0.03394639
    -0.01885257 -0.14124937  0.12322769]
   [-0.08003841  0.11219643  0.13990201 -0.02031566 -0.08159678
    -0.17889628 -0.10149303 -0.01391749]
   [ 0.06409245  0.12816107 -0.09613453 -0.01160128  0.01681236
     0.14267445  0.07242972  0.05004166]
   [-0.04224053 -0.10281224 -0.0332623  -0.02538638 -0.02530357
    -0.07462455 -0.18380003  0.00082381]
   [ 0.09463963  0.09919542  0.07830321 -0.06254134 -0.14125949
     0.18195215 -0.10191481 -0.027034  ]]]


 [[[-0.01375011  0.00156411  0.05842337  0.00032394  0.07938318
    -0.02292902  0.11959038 -0.12242378]
   [ 0.13593377 -0.00211752  0.19305526  0.13847649  0.0378518
    -0.06346388  0.01263313 -0.08439972]
   [-0.16369912  0.08806278 -0.04282681 -0.1522097  -0.1682557
    -0.07958318 -0.09633355 -0.08803105]
   [ 0.13680078 -0.14901854 -0.01904289 -0.1804071  -0.02608496
     0.07258289 -0.05900687 -0.13903806]
   [-0.09313931  0.04936754  0.01992674 -0.01665351 -0.04790031
     0.08729102 -0.0492371   0.04656607]
   [ 0.05442653  0.15148528  0.02103464  0.03737908  0.02696113
    -0.01969812  0.15348616  0.12014556]
   [-0.13844925  0.06267115  0.16226177  0.1887732  -0.17069615
     0.19324028  0.08221748 -0.08615416]
   [-0.03992974  0.12848754  0.06731062  0.0457275   0.12422248
    -0.00786301  0.10171908 -0.17866059]]

  [[ 0.09579777  0.04433696  0.18073319  0.06014805  0.09404246
     0.11552019 -0.01377578  0.06743843]
   [-0.08318858  0.09223703  0.00061491 -0.18840562  0.02140781
     0.00522535 -0.14020187  0.02829668]
   [ 0.04583319 -0.00510514 -0.12123749 -0.07650347  0.09082241
     0.10107374 -0.0742547   0.1050695 ]
   [-0.0249993   0.04614555  0.13314879 -0.03417955 -0.01532444
    -0.0012976  -0.00812079  0.00043304]
   [-0.06406104  0.13312227  0.02690402 -0.12160998  0.06850459
     0.11019643  0.16131596 -0.00105546]
   [-0.06389717 -0.03828329  0.03517071  0.05921967 -0.11299053
     0.01328134  0.17676145 -0.06395208]
   [ 0.15229988  0.04489295  0.02688156  0.17615287 -0.015242
    -0.00416706 -0.02127283 -0.12620835]
   [-0.01792998 -0.06133526 -0.15275536 -0.08161168 -0.12390674
    -0.15549149  0.17092463 -0.10362556]]

  [[ 0.04596851 -0.06929053  0.00125116 -0.1116206   0.07652135
    -0.1825063   0.0314687  -0.19270205]
   [ 0.02112759 -0.00516042  0.06994057  0.13636787  0.05143297
    -0.10457603 -0.14824599 -0.05298844]
   [-0.12403207  0.03857503  0.01085311  0.00485562  0.13326247
    -0.11130502  0.12633789  0.0453142 ]
   [-0.10993529 -0.01183392  0.09795492  0.1932755   0.0336748
    -0.13392985 -0.07988346 -0.060723  ]
   [ 0.0056636   0.11350514  0.17811613  0.13806638 -0.01344486
     0.08712881  0.14225061  0.01497493]
   [ 0.03458466 -0.02563936  0.06750025 -0.10558724 -0.09452913
     0.04212562  0.03480884  0.0796493 ]
   [-0.1160411  -0.1933338  -0.04400081 -0.0079566   0.00577147
     0.08847352 -0.070708   -0.17274627]
   [-0.02620386 -0.0047706  -0.00251863 -0.05790664 -0.09013528
     0.03867763 -0.00054585 -0.03341854]]]]
memkeys
[[ 0.29796448  0.2725304  -0.10635776 ...  0.2307369   0.43226895
  -0.2476131 ]
 [ 0.29403695  0.27066362 -0.10491958 ...  0.23322143  0.4329265
  -0.25195214]
 [ 0.3011103   0.2709788  -0.10402245 ...  0.22498168  0.43110594
  -0.24538338]
 ...
 [ 0.29362896  0.27158976 -0.10402079 ...  0.2329092   0.43108425
  -0.25017834]
 [ 0.29444027  0.26901874 -0.1030874  ...  0.23230432  0.43277228
  -0.25046954]
 [-0.         -0.         -0.         ... -0.         -0.
  -0.        ]]
hash_slots12
[[ 20  17  88  89  56  34 122  76  50 122   7 177  52 120]
 [137 113  76  77 158 102 131 156  77 102 102 105 102 102]
 [126 174 189 180  31 180 141  61  46 170 140  39   1  34]
 [ 73   5  32 108 164 109 103 187  16  98  24  26 165  46]
 [107 102  73 119 159  67   4  84 139 115  84  49  63  10]
 [107 184 126 174  16  18  50 125 158  43  58  88  91  10]
 [159  78 172 126 164  17  35  45  98 186 135 137  65  74]
 [134 120  40  58  33  26  67  87  49  82 124  31 123  13]]
core/core/fc1_b/Adam
[-3.75360905e-05 -3.00415908e-04  2.89497384e-05 -1.08674797e-03
 -1.41704036e-03  5.46436377e-06  1.17032478e-05  2.10673577e-04
  3.08415656e-05  3.15724246e-05  2.37253298e-05 -4.18461204e-05
 -6.03494991e-05  3.28222304e-05  1.15769435e-05 -2.01363600e-05]
core/core/conv1a_w/Adam_1
[[[[2.88638512e-06 5.09701895e-05 3.75408090e-05 4.09230124e-05
    1.46851517e-05 1.46950157e-07 8.70947406e-05 2.86489671e-06]
   [1.68488157e-06 1.08319691e-04 4.66690508e-05 8.45873874e-05
    3.30027651e-05 1.86490513e-06 1.50335152e-04 4.99660746e-06]
   [1.17096420e-07 3.39634562e-06 3.08074823e-06 2.33225205e-06
    1.23542259e-06 3.31689805e-08 1.13982389e-06 1.07821645e-08]
   [1.65659433e-08 2.63581743e-08 8.22638679e-10 1.00647490e-08
    6.80587462e-08 5.37088646e-12 2.58657487e-08 1.81132336e-08]
   [3.25886376e-08 2.25725557e-06 1.60876368e-06 1.56439377e-08
    1.59594629e-06 1.77013279e-10 2.15470592e-07 9.20270704e-09]
   [1.28107146e-07 1.13031967e-06 6.39707253e-07 1.41551382e-07
    8.75038438e-07 4.29812075e-10 1.67600035e-07 5.17145757e-08]
   [2.09973408e-07 1.08171134e-05 7.13948066e-06 7.68498194e-06
    4.26945917e-06 1.84664643e-07 1.65358688e-05 5.92727247e-07]
   [1.89524485e-08 1.31087043e-08 5.89454974e-09 1.04757900e-08
    2.20251533e-08 1.48528329e-10 3.13431130e-08 6.07609207e-09]]

  [[3.44524278e-06 5.21230286e-05 4.13293892e-05 4.35873590e-05
    1.36482549e-05 3.01669871e-08 9.24353517e-05 2.07818357e-06]
   [2.15105911e-06 9.73889255e-05 4.39785108e-05 7.60653638e-05
    2.84945927e-05 1.83626662e-06 1.59452975e-04 4.68937060e-06]
   [2.17432827e-07 2.68150393e-06 1.13267208e-06 2.34764752e-06
    7.27444387e-07 2.37382210e-07 4.24036580e-06 5.76023012e-07]
   [1.99952304e-08 6.20647853e-08 4.74420823e-08 9.74209247e-09
    3.34614256e-08 2.17196866e-15 3.46828699e-07 2.07314041e-08]
   [6.21898153e-07 3.23716911e-08 2.95939941e-07 1.07991309e-06
    5.58582265e-08 3.66508907e-10 1.06134323e-07 3.44061529e-10]
   [3.50155204e-07 1.46961114e-07 7.41871133e-08 4.72406498e-07
    1.60486977e-07 5.69857113e-11 8.47677626e-08 1.84016447e-08]
   [1.38558647e-07 9.35908611e-06 6.90679872e-06 6.62332013e-06
    4.46810054e-06 1.00244392e-07 2.28861627e-05 9.03243404e-07]
   [1.51301638e-08 4.21242873e-07 2.24088996e-08 3.92815842e-08
    3.74292135e-08 2.53106092e-10 1.88532704e-06 1.36717929e-07]]

  [[4.66182018e-06 4.41449338e-05 4.62863827e-05 4.88840815e-05
    1.38182122e-05 6.44094627e-08 7.32278131e-05 5.58331465e-07]
   [4.57735359e-06 8.07025644e-05 5.45039438e-05 8.34971797e-05
    2.76430383e-05 1.79493350e-06 1.09549961e-04 1.13240662e-06]
   [1.27936687e-07 5.65701328e-07 1.24866915e-06 5.93968196e-07
    1.71680620e-06 2.78125025e-08 2.26278780e-06 1.45350540e-07]
   [2.04427497e-08 2.29926549e-08 2.34676179e-07 9.80416033e-08
    7.08927388e-08 7.20986985e-12 6.19863716e-09 1.70924652e-09]
   [1.49880943e-08 3.59680641e-08 3.12242365e-09 1.06467652e-08
    3.62709529e-09 2.57486671e-10 6.55249011e-08 3.96181470e-08]
   [1.10964677e-07 1.19809954e-07 6.20995024e-08 5.54003776e-08
    1.19415404e-07 2.17854512e-10 1.10969673e-07 7.74890836e-08]
   [4.32941818e-07 7.43605369e-06 1.04032624e-05 1.10164929e-05
    3.45034573e-06 6.25368841e-08 1.46400325e-05 1.02208455e-08]
   [1.28937705e-08 6.03778716e-08 1.05109291e-06 4.71218698e-07
    2.08837832e-07 6.12571160e-10 1.68719527e-08 3.84378840e-09]]]


 [[[7.27003044e-06 7.16857539e-05 3.71585738e-05 5.29144345e-05
    1.07936730e-05 1.64960045e-06 6.27945265e-05 1.98996190e-06]
   [3.01295631e-06 1.02246056e-04 4.94392370e-05 7.05965576e-05
    2.29090310e-05 1.59267620e-06 1.79999101e-04 6.80428820e-06]
   [2.36173392e-08 3.36037010e-06 1.93354276e-06 1.04008984e-06
    7.24973290e-07 3.57228522e-08 1.39069925e-06 6.55653380e-08]
   [1.46477737e-08 4.62287773e-08 1.83834388e-08 5.87977738e-08
    1.31876723e-08 8.25651725e-09 8.93163659e-08 1.62524767e-08]
   [1.20410206e-07 2.14566148e-06 1.57405725e-06 2.72840737e-08
    1.44391140e-06 1.74651682e-09 1.05491420e-08 4.59139571e-09]
   [3.30803083e-08 1.13213969e-06 8.86666612e-07 3.98693885e-07
    9.10860138e-07 5.74489221e-08 1.06309123e-07 1.06870068e-08]
   [1.63442769e-06 1.44058122e-05 6.57575947e-06 8.86845555e-06
    3.68347901e-06 3.21780732e-07 1.46744724e-05 8.54019675e-07]
   [1.89461913e-09 4.22166622e-08 3.41293251e-08 5.30508188e-08
    2.66549307e-08 1.73409853e-09 4.98009598e-08 3.22484683e-09]]

  [[8.35874562e-06 6.41132283e-05 4.07943298e-05 5.16481632e-05
    1.34586307e-05 9.48967681e-07 5.86798487e-05 1.11698409e-06]
   [3.92158745e-06 9.82882193e-05 5.45855728e-05 6.83442850e-05
    2.40856607e-05 1.31787715e-06 1.78225266e-04 4.36085020e-06]
   [1.35402544e-07 2.82260567e-06 2.35939592e-06 2.78310290e-06
    7.54065013e-07 2.43378029e-08 5.35580602e-06 1.93418998e-07]
   [8.31943510e-08 2.06724152e-07 2.97929610e-08 3.17322026e-08
    5.78573882e-08 5.23970627e-08 2.75043305e-07 5.95773653e-09]
   [5.97698147e-07 4.65296459e-08 2.15745601e-07 1.19422702e-06
    3.69900732e-09 5.63543767e-10 6.45450697e-08 1.36249456e-10]
   [3.18728155e-07 1.46899481e-07 3.39107970e-07 7.76830007e-07
    4.20703294e-08 3.84399961e-08 1.43956882e-07 1.77258053e-09]
   [2.07537232e-06 1.30449480e-05 6.21994241e-06 8.06599019e-06
    4.47665707e-06 4.66355601e-07 2.34767413e-05 1.18189519e-06]
   [7.35899253e-09 4.35763809e-07 3.47973383e-08 1.50191539e-08
    1.05447224e-08 4.71961970e-10 1.82996814e-06 1.13756620e-07]]

  [[9.41565759e-06 5.11170729e-05 4.61406889e-05 6.02073851e-05
    1.27777130e-05 1.29599883e-07 3.90564164e-05 6.94465655e-07]
   [5.96727750e-06 7.51702828e-05 6.73758768e-05 8.87217539e-05
    2.08408783e-05 5.47156617e-07 1.36512550e-04 7.38410563e-07]
   [6.62842226e-08 6.86575049e-07 2.12917712e-06 6.26526173e-07
    1.26004181e-06 3.29176089e-07 2.97448742e-06 2.15171994e-07]
   [4.02217148e-09 9.08928328e-08 1.95130468e-07 2.14481631e-07
    1.29138243e-07 1.13549475e-10 2.77183680e-08 4.23554886e-10]
   [1.40062761e-09 2.29973267e-08 1.36216780e-08 5.52706609e-08
    1.21032881e-08 1.00591924e-09 8.09336598e-08 7.78692311e-09]
   [1.81229005e-08 3.62550196e-07 1.45254191e-07 2.62197773e-07
    1.64000411e-07 3.86718888e-08 2.12053635e-07 1.59230531e-08]
   [2.27118471e-06 8.16397824e-06 9.83568771e-06 1.09347693e-05
    3.87713635e-06 3.13541881e-09 1.05690406e-05 6.33262687e-08]
   [6.79878287e-09 5.48527623e-08 8.94775440e-07 4.76968978e-07
    2.04515004e-07 1.10680431e-09 1.01481312e-08 1.48491297e-09]]]


 [[[5.28809369e-06 7.86067831e-05 4.35201873e-05 4.61331110e-05
    1.18193957e-05 1.34464767e-06 7.14456764e-05 8.43959810e-07]
   [7.57161570e-06 1.16571064e-04 5.68770265e-05 8.61073277e-05
    1.85789540e-05 1.64387484e-06 1.06236694e-04 2.31743979e-06]
   [4.48517632e-08 2.24094174e-06 1.20236734e-06 1.06446043e-06
    3.22967196e-07 2.16214069e-08 8.08809546e-07 4.66907970e-08]
   [1.92846850e-09 2.66643454e-08 1.89345400e-07 5.83099222e-08
    3.51248701e-08 5.43045298e-09 9.04332396e-08 6.92147228e-10]
   [1.62026183e-07 2.05908259e-06 1.32508796e-06 2.13995062e-08
    1.32368507e-06 6.59388877e-10 3.02319840e-08 6.99626934e-09]
   [8.80858764e-08 1.02977037e-06 6.91405319e-07 8.71628174e-08
    7.08808045e-07 7.60031066e-11 4.78135405e-07 1.07382512e-08]
   [6.95768392e-07 1.41170594e-05 8.48685795e-06 9.09776372e-06
    2.64082973e-06 5.34854223e-07 1.10401697e-05 4.42199990e-07]
   [2.49888865e-09 3.12742117e-08 1.21954464e-08 3.18947109e-08
    1.40751828e-08 6.03483763e-10 5.70684051e-08 1.77894304e-08]]

  [[5.95717665e-06 7.49653336e-05 4.61018208e-05 4.89484119e-05
    1.49583466e-05 1.32388891e-06 6.24777749e-05 9.02501938e-07]
   [9.09731625e-06 1.12156136e-04 6.29804272e-05 8.27824260e-05
    2.29859015e-05 2.23033862e-06 1.01156234e-04 2.21152277e-06]
   [1.36529081e-07 1.60996456e-06 1.44745036e-06 1.67236090e-06
    7.32914543e-07 2.46628566e-08 2.31895115e-06 2.34070072e-07]
   [6.32367092e-09 1.03633077e-07 8.48889670e-08 2.17863896e-08
    2.98503906e-08 2.18304912e-08 2.20004893e-07 5.29450705e-09]
   [5.98810630e-07 7.04151049e-08 3.38750141e-07 1.12333953e-06
    5.72321746e-09 9.29584465e-10 8.24571771e-08 1.25001842e-10]
   [3.08189584e-07 9.18758190e-08 5.25803728e-07 6.34280866e-07
    1.43746334e-07 7.77093767e-09 5.21531263e-07 3.23942162e-09]
   [8.81111248e-07 1.28968531e-05 5.28467581e-06 8.99131101e-06
    3.13718942e-06 3.75025451e-07 1.76437443e-05 4.33549360e-07]
   [4.63711238e-08 5.04172021e-07 3.31969616e-08 4.93180519e-09
    9.18743037e-09 2.73152025e-08 1.74356705e-06 1.20179680e-08]]

  [[6.81168331e-06 5.61949309e-05 5.67404859e-05 5.31273217e-05
    1.37227116e-05 3.96948622e-07 5.03990705e-05 5.91072762e-07]
   [1.13403012e-05 7.89635160e-05 8.50409851e-05 1.01731144e-04
    2.17344696e-05 1.00648727e-07 6.05594614e-05 8.29560236e-07]
   [8.95569130e-08 1.30261208e-06 2.19724188e-06 9.99881195e-07
    1.43780778e-06 6.70318272e-08 3.12089151e-06 9.31482802e-08]
   [1.21698418e-09 2.02182235e-08 2.22357741e-07 1.77952785e-07
    6.22957685e-08 5.10771092e-10 3.74894995e-08 4.40375930e-11]
   [7.38363037e-10 2.93188531e-08 3.41299362e-08 2.57972559e-08
    3.91025097e-08 1.06552998e-08 5.06831022e-08 1.73761912e-08]
   [1.41368517e-08 2.25542465e-08 1.62997537e-07 1.61734704e-07
    1.07631891e-07 7.51361640e-09 5.57749729e-07 4.48529498e-08]
   [1.13554529e-06 7.36739503e-06 1.05567115e-05 1.27554904e-05
    3.85950852e-06 1.55948442e-07 5.12295037e-06 1.42309517e-07]
   [5.77408077e-09 6.04127024e-08 9.24894550e-07 4.63174871e-07
    2.16479208e-07 5.98629812e-10 3.02331671e-08 7.92301003e-10]]]]
core/core/conv2_b/Adam
[ 5.12723200e-05  1.29321588e-05  1.95812376e-04 -6.02958935e-05
  2.89162301e-04 -1.82997188e-04 -9.25027474e-04  2.07556499e-04
 -4.03969723e-04  1.62514261e-04 -5.80521242e-04 -1.20776574e-04
 -1.38758842e-05  4.79147828e-04  2.60333851e-04  1.82160089e-04]
hash_vecs1
[[ 1.6545033   0.4622577   1.8176479   0.41746512 -0.43146652  1.8660907
  -0.3925594   0.8457953   0.7814463   1.7639346  -0.70162356  0.18644547
   0.5130238  -0.79445964  1.746305    0.98769087]
 [-0.7613089   0.92682385  0.6718239  -0.13396998  0.8162169  -0.7792402
  -1.5815411  -0.0608625  -1.0990382   0.58950865  0.7704031  -1.041486
  -0.3781102  -0.44093975 -0.33274466  1.2478536 ]
 [ 0.18102895 -1.5994686   0.7480597  -1.5255972   0.169238    0.30151802
   0.03515156 -1.0997026  -0.33379108  0.52070093 -1.2814437   0.60367894
   1.5029516  -0.42137802  0.3067811   1.4527664 ]]
hash_vecs0
[[ 1.5767009   0.14665568  0.5587378   0.27871245 -1.0113639   0.31524116
  -1.1316394  -0.02605955 -0.51866186  0.04698512  0.32791165 -1.4134805
  -0.41080877 -1.2640818   0.91473013  0.0470655 ]
 [ 0.8874894  -0.08915831  0.45802864  0.4008072  -0.09814536  0.24704981
  -0.78581655 -0.86573434  1.1400216   0.9232364  -0.4723102   1.3820015
  -0.21698436 -0.38725987  0.42320752  0.312467  ]
 [-0.61097866  0.34808555  0.88969     0.9343571  -0.15724649 -0.6635685
  -0.96983135 -0.3790157  -0.36114657  1.2528042  -1.127969   -0.01373486
  -0.5624035  -0.6439396  -0.5839813   0.7684318 ]]
core/core/conv2_b/Adam_1
[5.8897831e-07 3.9594827e-04 7.5142639e-04 1.1660083e-03 3.4271637e-03
 1.5632247e-03 3.2809111e-03 8.5270405e-04 6.0553532e-03 2.7144335e-03
 3.7121242e-03 4.9989519e-04 2.4074838e-03 3.7429421e-03 2.0481343e-04
 7.6690159e-04]
core/memory_query_proj/Adam
[[-1.79389463e-04  6.76296710e-04  3.02044900e-05 -7.15293048e-04
   2.18445697e-04 -3.31253192e-04  1.45252817e-03 -3.66278167e-04
  -4.20260010e-04  7.25409423e-04  9.67992702e-04 -8.79394065e-04
  -1.47072249e-04  2.37803627e-03 -7.08796899e-04 -3.24133714e-03]
 [ 8.04717056e-05 -7.24411104e-04 -1.54499395e-03  8.65468581e-04
  -6.70945155e-04  8.48544354e-04 -4.97051456e-04  1.26818457e-04
   2.30562146e-04 -3.64823150e-04 -3.35842196e-04  1.15947114e-05
   1.63579374e-04 -1.45018857e-03  4.42394492e-04  1.78261707e-03]
 [ 2.65919487e-04  3.24760011e-04  1.18182055e-04 -1.23079447e-03
  -5.06701879e-04 -2.02559284e-04 -7.94582375e-05 -2.46286480e-04
  -4.47100407e-04 -3.16200385e-05  1.63079603e-04 -2.11876395e-04
  -4.26343740e-06 -3.42035841e-04  7.81801373e-06 -1.20394885e-04]
 [-1.11160765e-03 -1.46027375e-02  1.17936451e-03 -1.10750436e-03
  -7.29213178e-04 -6.90313696e-04  1.27461704e-03 -9.59166791e-04
  -1.16459513e-03  1.14343944e-04  3.88808222e-03  1.51085982e-03
  -8.35718494e-03 -3.77064105e-03 -1.40925020e-03 -6.09751791e-03]
 [ 1.04874931e-03 -3.53857991e-03  1.59325951e-03  2.93695275e-03
   5.58643835e-04  7.64230150e-04 -1.70259364e-03  1.32665737e-03
   2.04092148e-03 -1.51258966e-04 -1.26945728e-03  4.95172280e-04
  -1.25830912e-03 -1.22348387e-02  5.88019844e-04  1.31428316e-02]
 [ 1.53761625e-03 -1.58528239e-03  5.79238869e-04  8.37509579e-04
  -6.27805770e-04  8.26686446e-04 -1.71998155e-03  1.79822702e-04
   8.18384287e-04 -1.90877414e-03 -1.21244637e-03  1.14212942e-03
  -2.89816380e-04 -5.52527560e-03  1.32515887e-03  5.36795240e-03]
 [ 7.81677838e-04  1.29014661e-03  1.09786598e-03 -1.44479412e-03
   4.54244611e-04 -8.06304044e-04 -9.17868383e-05  2.99917929e-06
   1.73219290e-04  1.34664602e-04 -7.58488895e-04  3.90020869e-04
   6.18428166e-04  2.41541216e-04 -1.07587106e-03 -7.12030960e-05]
 [ 2.95553997e-04 -6.61637576e-04  9.00732004e-04  1.76223449e-03
   1.12893840e-03 -3.37194244e-04  7.32313783e-04 -2.73569080e-04
   1.22619504e-05 -4.09296073e-04  9.56830161e-04  1.04398292e-03
  -1.04534382e-03  6.40792889e-04  1.51357293e-04 -2.04533339e-03]
 [ 2.17093300e-04  5.92247874e-04 -7.08467851e-04  1.83490076e-04
  -6.76278025e-04  7.65185046e-04  1.70592160e-03 -3.83096543e-04
   2.93803663e-04  1.49444953e-04 -4.48679930e-05 -6.13653974e-04
   9.41097504e-04  5.01171337e-04  6.91220048e-04  8.00190028e-04]
 [ 5.02811672e-05  2.03180825e-03  1.21286127e-03  6.32603420e-04
   1.27485220e-03 -6.36179000e-04  1.65130582e-03 -2.52849946e-04
  -8.44054957e-05  5.47471514e-04  4.41601675e-04  3.04360408e-04
   6.87078456e-04  1.99396792e-03 -5.35020896e-04 -1.38373626e-03]
 [ 2.51443907e-05 -2.97141029e-04 -8.58594722e-04 -1.62525685e-04
  -7.35375914e-04  4.38930292e-04  1.24949415e-03 -5.28489763e-04
  -2.37816450e-04 -7.77599984e-04 -2.03064810e-05 -3.59656464e-04
   4.86276476e-05 -5.54751372e-04  4.78456874e-04  4.42335149e-04]
 [-2.68196509e-05 -8.96109734e-04 -8.19004141e-04  9.45516222e-04
  -4.29573323e-04  7.15630536e-04  5.74591628e-04 -3.61046405e-04
  -1.25602091e-04 -2.74920545e-04 -4.17887168e-06  3.15873467e-06
   2.10927203e-04 -6.02141838e-04  6.84158585e-04  1.34640664e-03]
 [-1.44973790e-04 -2.24199321e-04 -2.83981441e-04 -1.16979645e-03
  -4.50403168e-04  2.62516551e-04 -1.33218046e-03  3.47627589e-04
   1.99674250e-04  3.50129849e-04 -2.20326561e-04 -5.46520459e-04
   1.55299917e-04 -5.82132081e-04  5.17844514e-04  1.53246883e-03]
 [ 8.55249527e-05 -1.01797783e-03  1.26178225e-03  9.65986575e-04
   5.98872255e-04 -2.35469037e-04 -8.91747361e-04  2.96597544e-04
   5.29556477e-04 -2.38934517e-04 -1.64705794e-04  1.09835784e-03
  -7.81781971e-04 -5.32689388e-04  6.37905396e-05 -3.51165392e-04]
 [-3.70891648e-04  4.18085372e-04 -9.83309001e-04  3.86985455e-04
  -1.36124506e-03  1.03479181e-03  1.22498852e-04  3.82330581e-05
   7.01743527e-04 -3.83457605e-04 -1.45238452e-03 -7.52082269e-04
   1.12211751e-03 -1.66706124e-03  4.79533948e-04  2.31785397e-03]
 [ 8.99317034e-04  1.15905027e-03 -1.46196980e-04 -9.04553803e-04
  -4.24546597e-04 -9.04681747e-06 -1.53792920e-04  3.13764147e-04
   5.00116555e-04  5.65720547e-05 -6.78251905e-04 -8.75027981e-05
   7.21730466e-04 -7.36546819e-04 -2.01262810e-04  1.59777084e-03]]
core/core/conv2_w/Adam
[[[[-6.84227180e-16  1.41782280e-07 -2.45569026e-06 ...  1.57916872e-06
     5.58520185e-07  1.71962341e-07]
   [-1.02365938e-09 -7.67666734e-06 -2.44441912e-06 ...  1.97961108e-05
     1.09074836e-05 -5.43937585e-06]
   [-4.45109904e-09 -1.58061357e-05  1.71261145e-05 ...  8.75098194e-05
     4.61740128e-05 -3.49461297e-05]
   ...
   [ 0.00000000e+00  1.97026084e-09 -4.33466774e-08 ... -9.14982934e-08
     9.51106615e-15  1.87297133e-09]
   [-1.82503568e-09  1.89381922e-07  1.87649022e-07 ... -1.23910377e-06
     6.56044904e-07 -1.99336296e-06]
   [ 4.26694834e-12 -1.28368987e-08 -1.68471388e-08 ...  8.66506689e-09
     4.51359450e-10  6.50705800e-09]]

  [[ 3.87690520e-08  2.69181305e-06 -3.87720502e-06 ...  4.92175423e-06
    -7.68156596e-08  2.69847391e-07]
   [ 2.97674387e-06  6.97994756e-06  1.29797309e-06 ...  1.96626079e-05
     8.04025422e-06 -9.41760845e-06]
   [ 6.91868809e-06  4.79869323e-06  2.07119283e-05 ...  8.97769060e-05
     5.03175652e-05 -3.70572197e-05]
   ...
   [ 8.33589194e-19  2.22961694e-09 -1.70249828e-10 ... -1.58819535e-08
    -8.11941812e-15 -9.89209825e-11]
   [-1.16824619e-10 -5.83130884e-07  8.76942522e-06 ... -6.11636040e-07
     1.74767933e-06 -1.81425748e-05]
   [ 2.23551497e-10  9.35004341e-09 -2.28799934e-07 ... -2.91615180e-07
    -3.34455619e-12 -1.58985884e-07]]

  [[ 1.91646450e-07  2.65966992e-06 -1.17670558e-08 ... -1.57735440e-06
    -5.35174649e-07 -1.99214978e-09]
   [ 2.04658386e-06  3.20934646e-06 -2.54506922e-08 ...  2.24529831e-05
     1.00154912e-05 -1.31993133e-07]
   [ 8.89873445e-06  6.15916406e-06 -3.38560397e-08 ...  1.07859007e-04
     5.02682342e-05 -5.25435041e-07]
   ...
   [ 0.00000000e+00  1.04081917e-10 -2.28587965e-11 ... -3.00442586e-08
    -1.32676477e-15 -1.40244222e-11]
   [-4.77947104e-09  1.10199642e-06 -1.01071196e-09 ...  2.53118396e-05
     9.24445703e-06  1.45797578e-08]
   [ 4.92778697e-15 -2.45075821e-10 -4.51172433e-10 ...  1.31025573e-07
    -2.97033648e-11 -3.38746742e-09]]]


 [[[ 5.13217507e-13  1.74906390e-07  5.56380792e-06 ... -4.91574212e-07
     1.87799377e-11  1.66136033e-05]
   [-1.01819875e-09 -5.32406239e-06  1.34449474e-05 ...  1.36626122e-05
     1.13363794e-05  2.79847191e-05]
   [-3.60791064e-09 -1.48467552e-05  3.48689027e-05 ...  9.17013385e-05
     4.30801883e-05  2.00278319e-05]
   ...
   [ 2.20205486e-13  1.44901435e-11 -4.46860682e-08 ... -3.13538742e-08
     1.11695504e-13 -5.42222045e-09]
   [-1.19027121e-09 -2.73801710e-08  4.68151597e-08 ... -2.90376488e-06
     1.29353782e-06  3.79933198e-07]
   [-8.85619855e-10  8.01131428e-09 -2.53226595e-09 ... -2.20631648e-07
    -5.40651746e-09  2.39500810e-08]]

  [[ 8.64167475e-14 -1.82003373e-06  6.68862549e-06 ...  5.52536960e-07
     9.63059910e-11  1.77034999e-05]
   [ 2.48972742e-06  5.14094563e-06  1.66470727e-05 ...  1.87025380e-05
     1.05678355e-05  2.50214107e-05]
   [ 7.31873615e-06  3.89510160e-06  3.59908154e-05 ...  9.45334250e-05
     4.76496461e-05  1.80805819e-05]
   ...
   [ 3.70782913e-14  1.22543540e-08  1.92957275e-10 ... -8.06898157e-08
    -1.07519558e-22 -4.22120366e-10]
   [-7.57050200e-10 -4.05284339e-07  1.54188219e-05 ... -6.44376405e-06
     3.04804303e-06 -1.24619091e-05]
   [-1.03750321e-10  3.25265548e-09 -1.55510577e-07 ... -4.87372290e-07
     8.66174759e-08 -5.01548953e-08]]

  [[ 0.00000000e+00 -1.89030766e-06  2.48068432e-06 ...  7.17071543e-07
    -1.30990233e-10  1.35994742e-05]
   [ 1.94780569e-06  1.81142958e-08  6.05114201e-06 ...  2.48169272e-05
     1.08930453e-05  2.85965307e-05]
   [ 9.23938023e-06  1.11482514e-05  1.05857107e-05 ...  1.10449895e-04
     4.66490019e-05  4.61584059e-05]
   ...
   [-2.64147032e-22  7.27268870e-11  1.90513083e-15 ...  9.67835732e-08
    -7.32317249e-23  3.09676347e-11]
   [ 4.04524570e-07  2.81473092e-07 -2.60114643e-06 ...  2.21656373e-05
     8.56368752e-06 -2.67474411e-06]
   [-2.04903698e-11  5.63577363e-09 -6.42635445e-10 ...  2.28595852e-07
     8.51539141e-07  2.93286995e-09]]]


 [[[ 3.87362410e-35 -1.16189351e-08  4.69368437e-08 ... -7.57211353e-07
     0.00000000e+00  1.10432430e-09]
   [ 1.91928924e-20 -5.82724215e-06  6.70348891e-06 ...  2.08042711e-05
     0.00000000e+00  8.38202141e-06]
   [ 5.13332552e-20 -1.53911569e-05  4.16978437e-05 ...  1.05453830e-04
     0.00000000e+00  3.62518876e-05]
   ...
   [ 0.00000000e+00 -1.20945987e-09 -3.25031984e-08 ...  3.93860162e-08
     0.00000000e+00  4.88373431e-08]
   [ 1.41734280e-20  1.99619137e-07 -9.35015464e-07 ... -5.49720369e-07
     0.00000000e+00  1.74037848e-06]
   [ 0.00000000e+00 -1.26033894e-09 -2.53725965e-08 ... -4.57925253e-08
     0.00000000e+00 -7.63896590e-09]]

  [[ 1.29085322e-35  8.00424260e-09  2.59592969e-09 ... -1.60781838e-06
     0.00000000e+00  1.32246294e-08]
   [ 7.92814102e-20  9.55013729e-06  1.07952173e-05 ...  2.00825798e-05
     0.00000000e+00  4.19354910e-06]
   [ 2.42817266e-19  1.51719387e-05  4.26526058e-05 ...  1.07583553e-04
     0.00000000e+00  3.48059366e-05]
   ...
   [ 0.00000000e+00  2.41312703e-09  1.73768577e-09 ...  1.39960787e-09
     0.00000000e+00  4.15388790e-09]
   [ 4.96356852e-35 -3.68559995e-07  1.76991671e-05 ... -1.46999514e-06
     0.00000000e+00 -1.08216909e-05]
   [ 0.00000000e+00 -1.98942773e-09 -1.48630349e-07 ... -1.71042586e-07
     0.00000000e+00 -7.29384055e-07]]

  [[ 0.00000000e+00  1.28035566e-07  6.41290576e-10 ... -1.65104575e-06
     0.00000000e+00  1.72682779e-09]
   [ 4.37726920e-20  5.06270635e-06  3.38875361e-06 ...  2.67807736e-05
     0.00000000e+00  1.11748177e-05]
   [ 3.06944262e-19  2.60011984e-05  1.08717040e-05 ...  1.18642682e-04
     0.00000000e+00  5.97165745e-05]
   ...
   [ 0.00000000e+00 -3.48611006e-12 -1.16852872e-09 ... -2.78468466e-08
     0.00000000e+00 -3.32435057e-09]
   [ 2.77612186e-20  2.09724902e-07 -2.39800806e-06 ...  2.77443978e-05
     0.00000000e+00 -2.08572328e-06]
   [-6.12455468e-27  3.55711727e-09 -5.43519851e-09 ... -2.21162622e-07
     0.00000000e+00  1.14256082e-09]]]]
core/core/conv2_w/Adam_1
[[[[5.74610692e-10 1.64225114e-08 2.73978600e-07 ... 2.74797276e-06
    4.36230607e-08 1.96584736e-07]
   [2.31269892e-10 7.43123252e-08 7.37201162e-07 ... 9.01287876e-06
    1.88895143e-07 5.16819512e-07]
   [1.40818948e-08 5.67685674e-07 1.19030719e-05 ... 7.33095585e-05
    5.57745079e-06 9.36109973e-06]
   ...
   [2.12661885e-14 9.10991248e-12 3.32899097e-10 ... 5.88822235e-09
    1.06989924e-10 7.95770741e-11]
   [1.49734469e-09 4.13552996e-08 1.97269244e-07 ... 2.52290897e-06
    1.51535446e-07 1.90852830e-07]
   [8.10367347e-15 5.56846458e-10 5.68350533e-10 ... 2.55626116e-08
    9.49285581e-11 3.81157550e-10]]

  [[1.00675257e-09 1.94812813e-07 4.30320796e-07 ... 3.43261104e-06
    5.80863642e-08 3.25928056e-07]
   [2.95581920e-10 1.27155533e-06 1.28778470e-06 ... 1.08982686e-05
    1.52954385e-07 8.94886739e-07]
   [1.20465495e-08 8.34587445e-06 1.34918228e-05 ... 8.58660278e-05
    5.99604073e-06 1.09846178e-05]
   ...
   [7.30433441e-15 1.04269170e-10 4.89645302e-09 ... 1.28517810e-08
    6.08777959e-11 3.84582455e-09]
   [1.26072930e-09 1.60936846e-08 5.20679714e-06 ... 5.07473214e-06
    4.60071419e-07 4.66604934e-06]
   [1.78443881e-12 1.30659511e-10 1.65659342e-09 ... 1.89672065e-08
    1.89246951e-10 1.36891576e-09]]

  [[9.73788272e-10 1.75911865e-07 1.86315177e-08 ... 2.67845871e-06
    6.95115645e-08 4.06286116e-09]
   [2.25717528e-10 5.88261287e-07 3.51261455e-08 ... 1.07635178e-05
    1.90907997e-07 2.08494608e-08]
   [9.89674120e-09 1.24931230e-05 2.15830525e-07 ... 9.85902370e-05
    6.40417784e-06 7.45273894e-07]
   ...
   [0.00000000e+00 3.11393578e-10 3.25991525e-11 ... 1.14296137e-08
    9.61715291e-11 1.20023838e-10]
   [8.39910308e-10 3.05194106e-07 1.22017010e-08 ... 9.43461328e-06
    3.06651032e-07 6.95376485e-08]
   [1.62497489e-12 1.38425979e-10 5.15244181e-10 ... 2.66379221e-08
    5.60078268e-11 1.09085974e-09]]]


 [[[1.76631950e-14 3.32982353e-08 1.13388273e-06 ... 2.15059049e-06
    3.24858918e-09 2.11619795e-06]
   [6.45324794e-10 6.77337866e-08 2.64739697e-06 ... 8.45589420e-06
    1.67402348e-07 4.21412415e-06]
   [6.43680709e-09 8.17557350e-07 1.74029228e-05 ... 9.23708430e-05
    3.74816364e-06 1.51172053e-05]
   ...
   [7.78081416e-15 1.07857777e-11 2.71197648e-10 ... 6.34604991e-09
    1.52445192e-11 1.02716897e-10]
   [4.69478012e-10 5.25229922e-08 5.84599491e-07 ... 3.36654011e-06
    8.80795099e-08 5.14725457e-07]
   [1.78374315e-10 1.16611151e-10 1.13883392e-09 ... 3.60422803e-08
    7.86881060e-10 6.29587826e-10]]

  [[7.65641402e-13 1.67749107e-07 1.17324566e-06 ... 3.01969339e-06
    3.48056961e-09 2.28309364e-06]
   [1.65366787e-09 1.19729759e-06 3.10275436e-06 ... 9.56060012e-06
    1.38035588e-07 4.78853190e-06]
   [1.30734605e-08 8.53849633e-06 1.93487613e-05 ... 1.08229928e-04
    3.90611967e-06 1.56134811e-05]
   ...
   [4.39981547e-13 1.42527573e-10 3.82158216e-09 ... 1.10623493e-08
    5.24347787e-11 2.09495954e-09]
   [1.22523491e-10 2.06625810e-08 6.03355375e-06 ... 6.56218253e-06
    2.79172156e-07 5.85451335e-06]
   [9.07859690e-11 2.72032619e-10 2.05628248e-09 ... 2.08656186e-08
    2.20315677e-09 7.38494266e-10]]

  [[2.27396050e-21 1.56108996e-07 1.54694976e-06 ... 2.42671422e-06
    4.28836078e-09 1.73623880e-06]
   [1.46564738e-09 4.02669514e-07 2.79887786e-06 ... 7.73530337e-06
    1.57943816e-07 3.32535024e-06]
   [1.39433274e-08 1.33013045e-05 5.00437773e-06 ... 1.17839532e-04
    4.04229058e-06 6.38421807e-06]
   ...
   [2.92087253e-12 3.00762332e-11 3.87438348e-09 ... 8.16922263e-09
    3.32419925e-11 2.92976332e-09]
   [1.63029742e-10 3.20049480e-07 1.11110467e-06 ... 1.31277220e-05
    1.87147862e-07 1.17988668e-06]
   [4.76344901e-11 3.36659256e-10 8.42647563e-10 ... 1.62015450e-08
    1.19462229e-09 8.95284069e-10]]]


 [[[2.19746710e-15 2.56864774e-09 4.68455568e-08 ... 4.42926790e-07
    2.06016055e-11 4.43060166e-08]
   [3.37243491e-14 1.87939229e-08 6.76760635e-07 ... 3.97990061e-06
    2.95987124e-11 6.09728090e-07]
   [7.60997873e-13 8.47572323e-07 2.30293026e-05 ... 9.90703120e-05
    5.75226089e-10 2.13949570e-05]
   ...
   [0.00000000e+00 4.18734249e-11 4.14548590e-10 ... 3.72895981e-09
    0.00000000e+00 5.34546296e-10]
   [5.54470414e-16 1.97815151e-08 3.44912308e-07 ... 2.75926323e-06
    2.39836567e-10 4.53591923e-07]
   [0.00000000e+00 3.83212073e-11 1.70995651e-09 ... 2.38465852e-08
    2.94862988e-11 2.90871371e-09]]

  [[3.16786290e-14 3.08429762e-08 1.66057390e-08 ... 3.45978094e-07
    7.81912243e-11 2.66941402e-08]
   [6.72020057e-13 1.12698433e-06 9.96301992e-07 ... 5.37664209e-06
    6.71975114e-11 8.00735563e-07]
   [3.04218348e-12 9.22869367e-06 2.62118974e-05 ... 1.13956790e-04
    2.42323606e-10 2.33235787e-05]
   ...
   [0.00000000e+00 2.01207679e-11 7.63632602e-10 ... 6.59266108e-09
    0.00000000e+00 7.25503990e-10]
   [1.92715022e-14 2.52857966e-08 5.75836702e-06 ... 7.00433884e-06
    3.27845695e-10 5.31417527e-06]
   [1.22413642e-14 1.82668089e-10 3.40277184e-09 ... 4.23211901e-08
    5.64597709e-11 5.63711300e-09]]

  [[0.00000000e+00 4.98947150e-09 1.46856856e-08 ... 3.95433347e-07
    2.62481065e-10 1.33153044e-08]
   [7.42408115e-14 3.27809659e-07 2.66583100e-07 ... 5.40441079e-06
    6.91072338e-11 3.90348504e-07]
   [4.60845468e-12 1.47885357e-05 1.01772575e-05 ... 1.19857519e-04
    3.44971607e-10 1.33196290e-05]
   ...
   [0.00000000e+00 1.49939505e-10 3.66995295e-10 ... 4.15620027e-09
    0.00000000e+00 3.15891202e-10]
   [6.51379504e-13 2.93411546e-07 8.20732453e-07 ... 1.27563417e-05
    9.96192573e-11 9.00143846e-07]
   [2.38756717e-14 2.84697127e-10 2.28802643e-09 ... 2.23889227e-08
    4.75459776e-12 1.45641865e-09]]]]
core/core/conv2a_b/Adam_1
[0.00631122 0.00549241 0.00487297 0.00677428 0.00121212 0.00472671
 0.00153408 0.00810181 0.00148049 0.00661631 0.00298973 0.00420424
 0.00063807 0.00359557 0.0011772  0.0076417 ]
hash_slots9
[[134  89 106 141  32 145  98  31 177  69 124   4 126 185]
 [  9 145 153 110 173 115 140 134  13  80 176 141  26 178]
 [113 102 102  96 156  95  57 105 131 102 102 171 139  53]
 [ 65 106 179 182  87 131  34  21 140 130  65   9  22  26]
 [ 80  48 120 121 159  39 150  85 140 183  93  57   8  95]
 [ 12 166 108  29 188  31  53 187  74 111 131  27 117  96]
 [122  81  11   5 128 128 109  60  37 142  45 109 171 147]
 [ 35  57 169  38 122 129  33  48  77 190  72 149 106 154]]
core/core/fc1_w/Adam
[[-2.25242229e-06 -1.80604911e-05  1.70900398e-06 ...  1.95458938e-06
   7.11990140e-07 -1.36310052e-06]
 [-4.00706568e-07 -3.36772951e-06  2.55611099e-07 ...  3.50793641e-07
   1.51975385e-07 -1.14224505e-07]
 [-1.88366459e-06 -1.50218521e-05  1.45522961e-06 ...  1.63846346e-06
   5.84990858e-07 -1.01775026e-06]
 ...
 [-3.07371306e-06 -2.27678102e-05  2.21204141e-06 ...  2.44060129e-06
   1.03786647e-06 -1.24954624e-06]
 [-4.04370571e-33 -5.88369227e-18  0.00000000e+00 ...  3.71099848e-19
   1.56641555e-17 -6.70836198e-17]
 [-1.80556526e-06 -1.44406376e-05  1.41062890e-06 ...  1.60804541e-06
   6.14054500e-07 -9.80922209e-07]]
memory_query_proj
[[ 9.88653116e-03  9.07497853e-03 -3.45087214e-03  2.91177677e-03
  -5.14261844e-03  3.96240968e-03 -1.26942163e-02 -5.56072081e-03
  -1.24481285e-03 -1.54627934e-02 -4.61405423e-03  7.02719437e-03
   5.21677081e-03  7.69620249e-03  1.44044515e-02 -8.32350831e-03]
 [-1.03156194e-02 -9.56447981e-03  2.36634724e-03 -2.23957771e-03
   4.94416989e-03 -3.54752108e-03  1.26830833e-02  5.85218705e-03
   1.38607586e-03  1.59578659e-02  4.65045637e-03 -7.41711305e-03
  -5.12527907e-03 -8.84931069e-03 -1.45696308e-02  9.90628079e-03]
 [-1.06395921e-02 -9.68292169e-03  3.69007466e-03 -3.21205752e-03
   5.53254131e-03 -4.24523838e-03  1.37652149e-02  5.97669091e-03
   1.30127859e-03  1.65805984e-02  5.07849967e-03 -7.65128527e-03
  -5.62115479e-03 -8.29543546e-03 -1.54537885e-02  8.88753030e-03]
 [ 9.20503307e-03  1.36469095e-03 -2.87300162e-03  2.07026652e-03
  -5.39802713e-03  3.50662530e-03 -1.26555413e-02 -5.83259715e-03
  -1.91939669e-03 -1.52587360e-02 -2.79748812e-03  7.63506163e-03
   9.86075611e-04  6.02762681e-03  1.35656195e-02 -1.15010859e-02]
 [-9.33469553e-03 -6.37456216e-03  2.42694374e-03 -3.54733039e-03
   4.57595196e-03 -3.93138779e-03  1.24627240e-02  4.18972131e-03
   8.80191328e-06  1.36754811e-02  5.04443329e-03 -6.39005471e-03
  -4.17327462e-03 -9.58278310e-04 -1.29689919e-02  9.22068779e-04]
 [-1.00841802e-02 -9.25842300e-03  3.45109846e-03 -2.89718015e-03
   5.32723963e-03 -4.01516305e-03  1.30858971e-02  5.64639317e-03
   1.24015752e-03  1.58192348e-02  4.89250571e-03 -7.19784666e-03
  -5.36360033e-03 -7.80029781e-03 -1.46504361e-02  8.41328502e-03]
 [-1.16043566e-02 -1.06450086e-02  4.04938636e-03 -3.39578325e-03
   6.16826862e-03 -4.69430862e-03  1.51017457e-02  6.55924156e-03
   1.42205600e-03  1.82047561e-02  5.56679675e-03 -8.27932265e-03
  -6.16638409e-03 -9.16905515e-03 -1.69909839e-02  9.94888693e-03]
 [-1.07582733e-02 -1.06825838e-02  5.02397725e-03 -9.73430055e-04
   7.09118415e-03 -4.92479978e-03  1.53887682e-02  6.19099708e-03
   1.68715417e-03  1.72655322e-02  6.23018853e-03 -7.07104150e-03
  -7.07339915e-03 -9.18499939e-03 -1.61566027e-02  8.48662015e-03]
 [-9.34857037e-03 -8.47766548e-03  3.28913564e-03 -2.78551807e-03
   4.79245046e-03 -3.68500687e-03  1.19571462e-02  5.22354245e-03
   1.12209562e-03  1.43064233e-02  4.35176631e-03 -6.56423112e-03
  -4.86858329e-03 -7.11274007e-03 -1.32058747e-02  7.91402068e-03]
 [-9.43867769e-03 -8.71074572e-03  3.30848340e-03 -2.73160730e-03
   5.09373611e-03 -3.78773757e-03  1.22245830e-02  5.29747969e-03
   1.16864429e-03  1.48190074e-02  4.53421241e-03 -6.83470909e-03
  -5.03281737e-03 -7.54974131e-03 -1.38359936e-02  8.15164763e-03]
 [-1.12800328e-02 -1.02781877e-02  3.91569873e-03 -3.30330618e-03
   5.90282073e-03 -4.53519169e-03  1.45210773e-02  6.21207431e-03
   1.13587873e-03  1.73842609e-02  5.36000961e-03 -8.02099239e-03
  -5.93013642e-03 -8.87049269e-03 -1.63727347e-02  9.52318311e-03]
 [ 7.83830974e-03  7.03188870e-03 -2.75084283e-03  2.58550677e-03
  -4.14499734e-03  3.21411691e-03 -9.47856531e-03 -4.43190057e-03
  -7.50090636e-04 -1.20932488e-02 -3.79359885e-03  5.47365705e-03
   4.14364599e-03  5.90821961e-03  1.12370234e-02 -6.41910313e-03]
 [ 9.03169438e-03  8.41856003e-03 -3.15386313e-03  2.78502959e-03
  -4.76688892e-03  3.66451219e-03 -1.16749331e-02 -5.13103558e-03
  -1.13825954e-03 -1.40959471e-02 -4.30528540e-03  6.43474655e-03
   4.91314288e-03  7.22367549e-03  1.32057620e-02 -7.74344150e-03]
 [-8.83367751e-03 -8.18636175e-03  3.11937882e-03 -2.55789678e-03
   4.71431157e-03 -3.49654281e-03  1.14974584e-02  5.04968921e-03
   1.10102678e-03  1.37907201e-02  4.29950468e-03 -6.37579244e-03
  -4.73466702e-03 -6.79255649e-03 -1.29606007e-02  7.28928531e-03]
 [-1.29886009e-02 -1.17907738e-02  4.50745597e-03 -3.94171104e-03
   6.82460144e-03 -5.24675660e-03  1.68581307e-02  7.31810275e-03
   1.55586621e-03  2.03101393e-02  6.22692937e-03 -9.37500503e-03
  -6.88689062e-03 -1.00683859e-02 -1.89683121e-02  1.09066935e-02]
 [-7.73804029e-03 -7.44353700e-03  3.01318336e-03 -3.02114803e-03
   3.92114464e-03 -3.40226525e-03  1.09012313e-02  4.65391856e-03
   1.07916049e-03  1.30690867e-02  3.83943482e-03 -6.05548033e-03
  -4.27984446e-03 -6.89498801e-03 -1.22184455e-02  7.36432802e-03]]
hash_vecs8
[[-0.29433534 -0.6069365   0.8046919   0.19790863 -0.7404783   1.0330044
   1.0208502   0.24793877  0.8042551   1.2722765   0.52348197 -0.6327693
   0.18580407  0.10825925 -1.9687867   1.7893494 ]
 [ 0.15551277 -1.5124778   1.4439672   0.1652402  -0.64872885 -0.60446936
  -1.2672904  -0.5726411   0.45798606 -1.5220069  -0.553756    0.44290373
  -1.1133113   0.7751416   0.37600458 -0.9682465 ]
 [-0.45409977 -0.2942981   1.0549569  -0.11013825  1.5525471   0.7815552
  -0.15255475 -0.61133045 -1.1948432  -0.06598995 -0.6692165   0.5205652
   0.6653666  -0.24064088 -0.20592476  1.1813265 ]]
core/core/fc1_b/Adam_1
[0.00160012 0.00894706 0.00078134 0.01079093 0.02296211 0.00071844
 0.00132902 0.00260453 0.00114388 0.00229261 0.00221001 0.00169832
 0.00119416 0.00171062 0.00245593 0.01012915]
hash_vecs7
[[-0.9905687   0.7109555  -1.6377496   0.35462812 -0.22859083  0.2043731
  -0.85287046 -0.2860757   0.08896254 -0.38823658 -0.00824766 -0.35666165
   0.7095249   0.17100535 -0.14251643  0.1051856 ]
 [-0.17530811 -0.1125059  -0.8797028   1.0497684   0.83559704  0.9241723
   1.0236132  -0.8078433  -0.2998415   0.48956874  1.7391639  -0.19783999
  -1.8049654  -1.5004814  -0.7629016  -0.13007255]
 [ 1.3850073  -0.5552178   0.24000223 -0.11478975  0.01498446  0.19637755
  -0.48561326  0.54250675 -0.60203266 -0.8855171  -0.2758892   1.3371278
  -0.3720893  -0.53142834  0.21267326  1.4305005 ]]
core/fc1_w
[[-0.12328916 -0.00888972 -0.15413335 ...  0.07611194 -0.06155121
   0.10824638]
 [ 0.10735725 -0.01647033  0.01863723 ... -0.17322715  0.04625693
  -0.08467721]
 [ 0.02015472  0.01192687 -0.13409787 ...  0.0264778  -0.04398522
   0.15122665]
 ...
 [ 0.04633899 -0.01912555  0.08413348 ... -0.04371804  0.04791007
  -0.029015  ]
 [-0.03968766 -0.02294649 -0.15001959 ... -0.03143291  0.09233142
   0.13594986]
 [ 0.03794791 -0.06707401 -0.0698297  ...  0.11184292  0.11799085
  -0.05125886]]
hash_vecs12
[[-0.18541276 -1.7431457   0.6101971  -0.49769077  1.1445657   0.24526472
   1.6425812   0.29827836  0.5864457  -0.09720148 -0.52593774 -1.4388647
   0.09704548  0.62017816 -0.22014475  0.91358584]
 [ 1.3093874   1.4966048  -0.8878622  -0.6710199  -1.4839917   0.00530543
   1.0457934   0.48763597 -1.0106031  -0.39648232 -1.7074996  -0.8020363
   1.2110323  -1.9817891   0.3557247   0.2594034 ]
 [ 0.2308409  -0.41756546 -0.5299605  -0.7394478  -0.89640665 -0.41637406
  -0.11937477 -0.53008044  1.263623   -0.70899063 -0.07142898  1.8252733
   1.3166939  -1.199437   -0.2150205   0.08089819]]
core/memory_query_proj/Adam_1
[[0.00175106 0.00194066 0.00131681 0.00342511 0.00162468 0.00104001
  0.00155779 0.00110152 0.00151585 0.00133014 0.00181309 0.00115736
  0.00164841 0.00163098 0.00127101 0.00158993]
 [0.0006125  0.00074985 0.0015472  0.00111385 0.00168123 0.00088011
  0.00154373 0.00044473 0.00096918 0.00076955 0.00064459 0.00039977
  0.00083095 0.00166289 0.00095523 0.00159709]
 [0.00112239 0.00155485 0.0015183  0.00202145 0.00232546 0.00144545
  0.00171104 0.00249251 0.00156431 0.00164454 0.00140489 0.00091266
  0.00191226 0.00318042 0.00120573 0.00141966]
 [0.00060304 0.00309038 0.00031984 0.000771   0.00038392 0.00032924
  0.00036401 0.00026442 0.00038539 0.00026942 0.00051811 0.00022561
  0.00126421 0.00103926 0.000701   0.00070907]
 [0.00086329 0.00198002 0.00089913 0.00128116 0.00116949 0.00062644
  0.0011875  0.00081671 0.00076544 0.00082385 0.00067802 0.00044547
  0.00112597 0.00329827 0.00114794 0.00305345]
 [0.00169944 0.00257631 0.00221676 0.00346053 0.00227031 0.00170611
  0.00254227 0.00229706 0.00231747 0.00189602 0.00172197 0.00132468
  0.0014153  0.00520301 0.00167511 0.00174965]
 [0.00142601 0.0020536  0.00150498 0.00275608 0.00181634 0.00123833
  0.00136726 0.00140226 0.00162163 0.00205071 0.00134535 0.00116467
  0.00160612 0.00236305 0.00135257 0.00155616]
 [0.00157426 0.00111502 0.00092416 0.00245584 0.00143893 0.00064
  0.00089745 0.00051309 0.0007971  0.00066426 0.0008959  0.00099143
  0.00079389 0.00125413 0.0011099  0.0020187 ]
 [0.00116452 0.00145475 0.00136608 0.00247083 0.00153749 0.00109052
  0.00189    0.00150395 0.00131172 0.00140965 0.00147831 0.00078714
  0.00104574 0.00456605 0.00274017 0.00110238]
 [0.00238812 0.00113267 0.00171331 0.00228715 0.00243476 0.00150237
  0.00421936 0.002024   0.00214549 0.00156914 0.00159091 0.00116438
  0.00203229 0.00266933 0.00300069 0.00158722]
 [0.00088357 0.00099505 0.00104205 0.00164952 0.00132512 0.00071518
  0.00109842 0.00121371 0.00226292 0.00147784 0.00109909 0.00063227
  0.0010129  0.00140318 0.00091058 0.0008955 ]
 [0.00139606 0.00137503 0.00227662 0.00319129 0.00281886 0.00129196
  0.0040687  0.00143549 0.00267507 0.0012369  0.00125969 0.00143027
  0.00149954 0.00222342 0.00158644 0.00146113]
 [0.00263377 0.00197723 0.00239893 0.00281559 0.0020461  0.00112668
  0.0022011  0.00147142 0.00140938 0.00259237 0.00270983 0.00150787
  0.00147433 0.00241555 0.00126507 0.00180171]
 [0.00129699 0.00200748 0.00154296 0.00280247 0.00241014 0.00163298
  0.00194374 0.00146237 0.00211411 0.00127661 0.00113274 0.00117127
  0.00221551 0.00191216 0.00124173 0.00181531]
 [0.00189328 0.00097109 0.00097146 0.0017086  0.00103047 0.00111306
  0.00122216 0.00087104 0.00101147 0.00102136 0.00105692 0.00076469
  0.00081456 0.00136494 0.00076903 0.00116525]
 [0.00208318 0.00115921 0.0007665  0.00175655 0.00193392 0.00047392
  0.00065511 0.00086872 0.00078247 0.00090897 0.00085352 0.00048818
  0.00060101 0.00147195 0.00067401 0.00177235]]
hash_slots0
[[ 82  97 121 166  21  56  24  35 168   7 169   4 190  36]
 [100  79  96  29 166 171  80  73   5 151  95  43  61 181]
 [171  25 171 164  64  59 121  64  12 148  40  32 154   4]
 [ 60 123 114  35 190  85  29 126  50  52 121 114 179 158]
 [102 151 102 113 102 156   0 103 102 131  42 105 102   9]
 [160  83  11 173 181 189 159  52  70  85 123 172  39 175]
 [ 58  67 183  18  30 102  33  19   6  66  47 122 165  99]
 [115  91 143  67 160 128  22 157 146  57  67  35  65 121]]
